101 0.106800608754325
101.585858585859 0.111933817319246
102.171717171717 0.117443195544419
102.757575757576 0.123366096157299
103.343434343434 0.129744581941686
103.929292929293 0.136626149386421
104.515151515152 0.144064583927011
105.10101010101 0.152120974491256
105.686868686869 0.160864921699995
106.272727272727 0.170375982497412
106.858585858586 0.180745404721307
107.444444444444 0.192078218872681
108.030303030303 0.204495772036651
108.616161616162 0.218138811784437
109.20202020202 0.233171257610887
109.787878787879 0.249784836264446
110.373737373737 0.268204808207169
110.959595959596 0.288697079439586
111.545454545455 0.311577081466507
112.131313131313 0.337220919529014
112.717171717172 0.36607944502024
113.30303030303 0.39869611481278
113.888888888889 0.435729773990787
114.474747474747 0.477983858328204
115.060606060606 0.526443979286366
115.646464646465 0.58232644336998
116.232323232323 0.647140966023237
116.818181818182 0.72277161000167
117.40404040404 0.811580618425373
117.989898989899 0.916539829170369
118.575757575758 1.04139259118019
119.161616161616 1.19084298749662
119.747474747475 1.3707532544933
120.333333333333 1.58829352050666
120.919191919192 1.85190941832886
121.505050505051 2.17081774788354
122.090909090909 2.55346573922759
122.676767676768 3.00400144738386
123.262626262626 3.51555562171616
123.848484848485 4.05997701460017
124.434343434343 4.57750569458324
125.020202020202 4.97739325119916
125.606060606061 5.1638706425792
126.191919191919 5.08403885922667
126.777777777778 4.76120518231863
127.363636363636 4.27965457948916
127.949494949495 3.73702415451919
128.535353535354 3.20700415136042
129.121212121212 2.72971649515617
129.707070707071 2.3193496662712
130.292929292929 1.97523726736822
130.878787878788 1.69011058059846
131.464646464646 1.45479462625415
132.050505050505 1.26042489324528
132.636363636364 1.09928733165995
133.222222222222 0.964996384705792
133.808080808081 0.852396928196642
134.393939393939 0.757376404459925
134.979797979798 0.676668486929856
135.565656565657 0.607679003580943
136.151515151515 0.548342182584686
136.737373737374 0.497006055110281
137.323232323232 0.452342733610678
137.909090909091 0.413278768136318
138.494949494949 0.378941254508389
139.080808080808 0.348616119946985
139.666666666667 0.321715757314801
140.252525252525 0.297753819410618
140.838383838384 0.27632550005096
141.424242424242 0.257092029730111
142.010101010101 0.239768420189952
142.59595959596 0.224113724324564
143.181818181818 0.209923252814611
143.767676767677 0.197022320651987
144.353535353535 0.185261196048212
144.939393939394 0.174510999286456
145.525252525253 0.164660355996411
146.111111111111 0.155612652662798
146.69696969697 0.147283775310472
147.282828282828 0.139600237760125
147.868686868687 0.132497625492442
148.454545454545 0.125919296393745
149.040404040404 0.119815291529129
149.626262626263 0.114141418386529
150.212121212121 0.108858476350067
150.79797979798 0.103931599943246
151.383838383838 0.0993296999738123
151.969696969697 0.0950249863742305
152.555555555556 0.090992559465191
153.141414141414 0.0872100587294907
153.727272727273 0.0836573600898438
154.313131313131 0.0803163142301106
154.89898989899 0.0771705197580323
155.484848484848 0.0742051260360746
156.070707070707 0.0714066613505704
156.656565656566 0.0687628827836789
157.242424242424 0.0662626447261533
157.828282828283 0.0638957834441139
158.414141414141 0.0616530155080864
159 0.0595258482220317
