0.1 0.112462965622195
0.109090909090909 0.12260936016336
0.118181818181818 0.132735649866846
0.127272727272727 0.142840204849322
0.136363636363636 0.152921405801973
0.145454545454545 0.162977644779139
0.154545454545455 0.173007325976891
0.163636363636364 0.183008866500981
0.172727272727273 0.192980697123582
0.181818181818182 0.202921263028264
0.190909090909091 0.212829024542666
0.2 0.222702457858316
0.209090909090909 0.232540055737091
0.218181818181818 0.242340328203804
0.227272727272727 0.25210180322442
0.236363636363636 0.261823027369433
0.245454545454545 0.271502566461934
0.254545454545455 0.28113900620992
0.263636363636364 0.290730952822424
0.272727272727273 0.30027703360904
0.281818181818182 0.309775897562449
0.290909090909091 0.319226215923579
0.3 0.328626682729012
0.309090909090909 0.337976015340325
0.318181818181818 0.347272954955018
0.327272727272727 0.356516267098734
0.336363636363636 0.36570474209848
0.345454545454545 0.374837195536597
0.354545454545454 0.383912468685203
0.363636363636364 0.392929428920919
0.372727272727273 0.401886970119639
0.381818181818182 0.41078401303118
0.390909090909091 0.419619505633635
0.4 0.428392423467284
0.409090909090909 0.437101769947951
0.418181818181818 0.445746576659676
0.427272727272727 0.454325903626649
0.436363636363636 0.462838839564324
0.445454545454545 0.471284502109671
0.454545454545455 0.479662038030556
0.463636363636364 0.487970623414225
0.472727272727273 0.496209463834944
0.481818181818182 0.504377794500788
0.490909090909091 0.512474880379683
0.5 0.520500016304747
0.509090909090909 0.528452527059037
0.518181818181818 0.536331767439821
0.527272727272727 0.544137122302508
0.536363636363636 0.551868006584381
0.545454545454545 0.559523865308322
0.554545454545455 0.5671041735667
0.563636363636364 0.574608436485641
0.572727272727273 0.582036189169897
0.581818181818182 0.589386996628563
0.590909090909091 0.596660453681882
0.6 0.603856184849437
0.609090909090909 0.610973844219987
0.618181818181818 0.618013115303278
0.627272727272727 0.624973710864124
0.636363636363636 0.631855372739107
0.645454545454545 0.638657871636226
0.654545454545455 0.645381006917858
0.663636363636364 0.652024606367405
0.672727272727273 0.658588525939996
0.681818181818182 0.665072649497655
0.690909090909091 0.671476888529314
0.7 0.677801181856103
0.709090909090909 0.684045495322334
0.718181818181818 0.690209821472605
0.727272727272727 0.696294179215465
0.736363636363636 0.702298613474096
0.745454545454545 0.708223194824451
0.754545454545455 0.714068019121318
0.763636363636364 0.719833207112776
0.772727272727273 0.72551890404351
0.781818181818182 0.731125279247462
0.790909090909091 0.736652525730302
0.8 0.742100859742192
0.809090909090909 0.747470520341346
0.818181818181818 0.752761768948858
0.827272727272727 0.757974888895288
0.836363636363636 0.763110184959519
0.845454545454545 0.768167982900342
0.854545454545454 0.773148628981293
0.863636363636364 0.778052489489206
0.872727272727273 0.78287995024699
0.881818181818182 0.787631416121109
0.890909090909091 0.792307310524251
0.9 0.796908074913668
0.909090909090909 0.80143416828567
0.918181818181818 0.805886066666742
0.927272727272727 0.810264262601761
0.936363636363636 0.814569264639773
0.945454545454545 0.8188015968178
0.954545454545454 0.822961798143123
0.963636363636364 0.827050422074491
0.972727272727273 0.831068036002708
0.981818181818182 0.835015220731022
0.990909090909091 0.838892569955757
1 0.84270068974759
