0.1 9.51350769974633
0.109090909090909 8.68769757119879
0.118181818181818 7.98998591083241
0.127272727272727 7.39290307356633
0.136363636363636 6.87630533025179
0.145454545454545 6.42508549407197
0.154545454545455 6.02769156228117
0.163636363636364 5.67513914503684
0.172727272727273 5.3603357597132
0.181818181818182 5.07760783773049
0.190909090909091 4.82236287302065
0.2 4.59084371248069
0.209090909090909 4.37994694516678
0.218181818181818 4.1870866947328
0.227272727272727 4.01009110217819
0.236363636363636 3.84712269764328
0.245454545454545 3.69661646777302
0.254545454545455 3.55723119473716
0.263636363636364 3.42781086338493
0.272727272727273 3.30735378728627
0.281818181818182 3.19498771067008
0.290909090909091 3.08994957901776
0.3 2.99156898797882
0.309090909090909 2.89925455329504
0.318181818181818 2.81248261752077
0.327272727272727 2.73078783915265
0.336363636363636 2.65375530802793
0.345454545454545 2.58101390582849
0.354545454545454 2.51223068820234
0.363636363636364 2.44710610971234
0.372727272727273 2.3853699477084
0.381818181818182 2.32677780862975
0.390909090909091 2.27110812191751
0.4 2.21815954395812
0.409090909090909 2.16774870827
0.418181818181818 2.11970826924001
0.427272727272727 2.07388519568541
0.436363636363636 2.03013927780421
0.445454545454545 1.98834181702692
0.454545454545455 1.94837447315955
0.463636363636364 1.91012824722615
0.472727272727273 1.87350258174059
0.481818181818182 1.83840456289552
0.490909090909091 1.80474821145432
0.5 1.77245385105429
0.509090909090909 1.74144754424267
0.518181818181818 1.71166058792509
0.527272727272727 1.68302906105426
0.536363636363636 1.65549341835905
0.545454545454545 1.62899812474094
0.554545454545455 1.6034913256695
0.563636363636364 1.57892454951101
0.572727272727273 1.55525243824075
0.581818181818182 1.53243250343321
0.590909090909091 1.51042490480665
0.6 1.48919224892901
0.609090909090909 1.46869940597735
0.618181818181818 1.44891334269158
0.627272727272727 1.42980296987874
0.636363636363636 1.41133900301145
0.645454545454545 1.39349383462926
0.654545454545455 1.37624141739426
0.663636363636364 1.35955715677861
0.672727272727273 1.34341781247231
0.681818181818182 1.32780140769653
0.690909090909091 1.31268714569375
0.7 1.29805533274178
0.709090909090909 1.28388730710552
0.718181818181818 1.27016537339986
0.727272727272727 1.25687274188983
0.736363636363636 1.24399347230069
0.745454545454545 1.23151242175269
0.754545454545455 1.21941519647213
0.763636363636364 1.20768810696372
0.772727272727273 1.19631812635875
0.781818181818182 1.18529285168019
0.790909090909091 1.1746004677899
0.8 1.16422971380399
0.809090909090909 1.15416985178218
0.818181818181818 1.14441063751392
0.827272727272727 1.1349422932396
0.836363636363636 1.12575548215958
0.845454545454545 1.11684128459611
0.854545454545454 1.10819117568478
0.863636363636364 1.09979700448281
0.872727272727273 1.09165097439039
0.881818181818182 1.08374562479033
0.890909090909091 1.07607381381874
0.9 1.0686287021866
0.909090909090909 1.06140373797856
0.918181818181818 1.05439264236097
0.927272727272727 1.04758939613677
0.936363636363636 1.04098822708936
0.945454545454545 1.03458359806243
0.954545454545454 1.02837019572635
0.963636363636364 1.02234291998585
0.972727272727273 1.01649687398683
0.981818181818182 1.01082735468341
0.990909090909091 1.0053298439291
1 1.00000000012234
