0.1 2.25271264138442
0.109090909090909 2.16190794222986
0.118181818181818 2.07818898606735
0.127272727272727 2.00052048561276
0.136363636363636 1.92808148149229
0.145454545454545 1.8602099269575
0.154545454545455 1.79636410179534
0.163636363636364 1.73609507191136
0.172727272727273 1.67902660480357
0.181818181818182 1.62484024259343
0.190909090909091 1.57326402060535
0.2 1.52406381262914
0.209090909090909 1.47703660148156
0.218181818181818 1.43200518270545
0.227272727272727 1.38881395004703
0.236363636363636 1.34732550791892
0.245454545454545 1.30741792343418
0.254545454545455 1.26898247835077
0.263636363636364 1.23192181560068
0.272727272727273 1.19614840009188
0.281818181818182 1.16158323191887
0.290909090909091 1.12815476387523
0.3 1.09579798553013
0.309090909090909 1.06445364402178
0.318181818181818 1.03406757778029
0.327272727272727 1.00459014408532
0.336363636363636 0.975975725028328
0.345454545454545 0.948182299330429
0.354545454545454 0.921171069750049
0.363636363636364 0.894906137634157
0.372727272727273 0.869354217627703
0.381818181818182 0.84448438673421
0.390909090909091 0.820267862877568
0.4 0.79667780889558
0.409090909090909 0.773689158536154
0.418181818181818 0.75127846155489
0.427272727272727 0.729423745449451
0.436363636363636 0.708104391729471
0.445454545454545 0.687301024924216
0.454545454545455 0.666995412784254
0.463636363636364 0.647170376347555
0.472727272727273 0.627809708721162
0.481818181818182 0.608898101582783
0.490909090909091 0.590421078536797
0.5 0.572364934570578
0.509090909090909 0.554716680951902
0.518181818181818 0.537463994990068
0.527272727272727 0.520595174153549
0.536363636363636 0.504099094097637
0.545454545454545 0.48796517020828
0.554545454545455 0.472183322313509
0.563636363636364 0.456743942253904
0.572727272727273 0.441637864037863
0.581818181818182 0.426856336337678
0.590909090909091 0.412390997109042
0.6 0.39823385013965
0.609090909090909 0.384377243353071
0.618181818181818 0.370813848712219
0.627272727272727 0.357536643582423
0.636363636363636 0.344538893428337
0.645454545454545 0.331814135731391
0.654545454545455 0.319356165025577
0.663636363636364 0.307159018959132
0.672727272727273 0.295216965298594
0.681818181818182 0.283524489799558
0.690909090909091 0.272076284875312
0.7 0.260867239001004
0.709090909090909 0.24989242679652
0.718181818181818 0.239147099736322
0.727272727272727 0.228626677439121
0.736363636363636 0.218326739494191
0.745454545454545 0.208243017785099
0.754545454545455 0.198371389274569
0.763636363636364 0.188707869217716
0.772727272727273 0.179248604773108
0.781818181818182 0.169989868984
0.790909090909091 0.160928055104095
0.8 0.152059671244277
0.809090909090909 0.143381335318671
0.818181818181818 0.134889770270166
0.827272727272727 0.126581799556648
0.836363636363636 0.118454342881299
0.845454545454545 0.11050441215092
0.854545454545454 0.102729107647886
0.863636363636364 0.0951256144020859
0.872727272727273 0.0876911987505943
0.881818181818182 0.0804232050731033
0.890909090909091 0.0733190526927653
0.9 0.0663762329320847
0.909090909090909 0.0595923063147836
0.918181818181818 0.0529648999048598
0.927272727272727 0.0464917047748793
0.936363636363636 0.0401704735958635
0.945454545454545 0.0339990183418673
0.954545454545454 0.0279752081027124
0.963636363636364 0.0220969669986616
0.972727272727273 0.0163622721914506
0.981818181818182 0.0107691519863102
0.990909090909091 0.00531568401988582
1 -1.09350974941691E-08
