0.1 0.090483741803596
0.11 0.0985417548826181
0.123041313315616 0.108796467523112
0.13849740117001 0.120584910974279
0.155750698414121 0.133287165995126
0.174299603637635 0.146419541800318
0.193776437138115 0.159641179959714
0.213928298920224 0.172727050915961
0.234589024319433 0.185535479173194
0.25565381427628 0.197980873402933
0.27705973457707 0.210013832302245
0.298771882432373 0.221607647524328
0.320774012481657 0.232749519511053
0.343062363812762 0.243434980302776
0.365641674310514 0.253664403562704
0.388522647633279 0.263440837074969
0.411720368587533 0.272768659082662
0.435253331477899 0.28165274214967
0.459142862508295 0.290097927327689
0.483412795122897 0.298108687097227
0.508089308215339 0.305688902859841
0.533200870324696 0.312841712025335
0.558778254499814 0.319569397718115
0.584854602618839 0.325873305107559
0.611465527322702 0.331753775018627
0.638649246108341 0.337210089446835
0.666446746638116 0.342240425896228
0.694901985655498 0.346841818702331
0.724062126501701 0.351010126082548
0.753977822405912 0.354740001822394
0.784703554700375 0.358024870420026
0.816298037089434 0.360856904282392
0.848824699277262 0.363227001264845
0.88235226585138 0.365124760514634
0.916955449582418 0.366538454236291
0.95271578254237 0.367454992642513
0.989722614048411 0.367859878969571
1.02807431190589 0.367737150988442
1.06787971342071 0.367069304884439
1.10925988610001 0.365837196647527
1.15235027616095 0.36401991513366
1.19730334778971 0.361594619622656
1.24429185025884 0.358536332877094
1.2935128975448 0.354817678222558
1.34519311200137 0.350408545786333
1.39959517902777 0.345275668439267
1.45702629739938 0.339382081794746
1.51784921133059 0.332686434398244
1.5824968082387 0.325142103682357
1.65149171053545 0.316696060714605
1.72547295379882 0.307287414806514
1.80523282335736 0.296845566989285
1.89176829899294 0.285287938160635
1.98635321832385 0.27251739981802
2.09063816332508 0.258420079602779
2.20678045877786 0.24286590690106
2.33757843627275 0.225719342444938
2.48647235932188 0.206881859331663
2.65694810331435 0.186416852802262
2.85050427050473 0.164802357752834
3.06391572994947 0.143098513297489
3.29011695370861 0.122555187367527
3.52272891703159 0.103986627768121
3.75866743366979 0.0876325350753762
3.99783879691821 0.0733813925800488
4.24200401793105 0.060994705441882
4.49394987192904 0.0502262313115605
4.75710985248432 0.0408654816181347
5.0355054371317 0.0327454410468796
5.33389826560096 0.0257372501876191
5.6581134428744 0.0197416843829421
6.01555881268988 0.0146808762960175
6.41603280946085 0.0104910493814326
6.87301117329114 0.00711600465176249
7.40577553557105 0.00450073140037891
8.04307169143878 0.00258440329832546
8.82952521153659 0.00129218077032813
9.83580150290861 0.000526229799511679
10 0.000453999297624849
