50 -1.33569520500738
51 -1.19919726961742
52 -1.06324986439931
53 -0.924020147162256
54 -0.771140586410663
55 -0.589752473713642
56 -0.363689907452335
57 -0.0792708236791713
58 0.270961922894686
59 0.685223142440145
60 1.15077075951352
61 1.64388099580952
62 2.13163919883859
63 2.57538314876071
64 2.93536395788118
65 3.17597868197255
66 3.27081288796015
67 3.20673063401692
68 2.98636589858515
69 2.62858753329401
70 2.16679752451122
71 1.64523686478083
72 1.11376725681742
73 0.62182553390217
74 0.212376034412203
75 -0.0833057923138121
76 -0.249299393873899
77 -0.286655221871308
78 -0.212753958884126
79 -0.058523683722727
80 0.136067128391885
81 0.327583522602579
82 0.474967202541476
83 0.544829667369687
84 0.515475389724983
85 0.379138672463773
86 0.142193596747733
87 -0.176598375030137
88 -0.549450842935722
89 -0.943945884364959
90 -1.32774714403303
91 -1.67290218070982
92 -1.95909837278391
93 -2.17542824026775
94 -2.32047648543242
95 -2.40082063515128
96 -2.42829496427594
97 -2.41656240262767
98 -2.37764077179214
99 -2.31902252423161
