0 0
1 0.157822805744008
2 0.301571843924636
3 0.42053915342306
4 0.510113422855775
5 0.57334820174718
6 0.621037066203622
7 0.670220623400301
8 0.741322134424467
9 0.854352638776298
10 1.02480250837641
11 1.2599146362261
12 1.55600062219482
13 1.89731875162067
14 2.25680202240525
15 2.57352924504238
16 2.88243308973517
17 3.06835545746007
18 3.12263686685932
19 3.0225358686418
20 2.76007703309326
21 2.34396047010027
22 1.79931257078631
23 1.16525319039516
24 0.490569954598257
25 -0.171933347300513
26 -0.771651966615978
27 -1.26611192172789
28 -1.62581001498599
29 -1.83731069850086
30 -1.90419961347467
31 -1.84580167468663
32 -1.69389025036107
33 -1.44785808928935
34 -1.2693251574976
35 -1.07619900884515
36 -0.938286843271202
37 -0.873780748402843
38 -0.887813830755625
39 -0.972942064948227
40 -1.11140962806726
41 -1.2787551970857
42 -1.44812963410137
43 -1.59461154305533
44 -1.69883745829849
45 -1.74940100092692
46 -1.74369650734682
47 -1.68715076290528
48 -1.59105786886691
49 -1.46946313073118
50 -1.33569520497323
51 -1.19919726938524
52 -1.0632498635082
53 -0.924020144628728
54 -0.77114058048292
55 -0.633479325997277
56 -0.363689885478535
57 -0.079270786974293
58 0.270961979850953
59 0.68522322536095
60 1.15077087358166
61 1.64388114482436
62 2.13163938434357
63 2.57538336928604
64 2.93536420844071
65 3.17597895393524
66 3.27081316937557
67 3.20673091041523
68 2.98636615420345
69 2.628587752612
70 2.16679769392243
71 1.6452369741893
72 1.11376730094264
73 0.621825513098963
74 0.212375954866486
75 -0.0833059190751934
76 -0.24929955213087
77 -0.286655393397037
78 -0.212754124974948
79 -0.0585238273246313
80 0.136067020724871
81 0.327583459163804
82 0.474967185532678
83 0.544829692678691
84 0.515475447434848
85 0.379138748011025
86 0.142193672563701
87 -0.176598317618748
88 -0.549450821794327
89 -0.94394591486041
90 -1.32774723775076
91 -1.67290234469166
92 -1.95909860931282
93 -2.15804397216034
94 -2.32047685659707
95 -2.40082106152858
96 -2.42829543460142
97 -2.41656290415062
98 -2.37764129073788
99 -2.31902304600096
