0 0
0.0301003344481605 0.0298920844664787
0.0602006688963211 0.0593676689695936
0.0903010033444816 0.0884267535093448
0.120401337792642 0.117069338085732
0.150501672240803 0.145295422698756
0.180602006688963 0.173105007348416
0.210702341137124 0.200498092034712
0.240802675585284 0.227474676757645
0.270903010033445 0.254034761517214
0.301003344481605 0.280178346313419
0.331103678929766 0.30590543114626
0.361204013377926 0.331216016015738
0.391304347826087 0.356110100921852
0.421404682274247 0.380587685864602
0.451505016722408 0.404648770843989
0.481605351170569 0.428293355860011
0.511705685618729 0.45152144091267
0.54180602006689 0.474333026001966
0.57190635451505 0.496728111127897
0.602006688963211 0.518706696290465
0.632107023411371 0.540268781489669
0.662207357859532 0.561414366725509
0.692307692307692 0.582143451997986
0.722408026755853 0.602456037307099
0.752508361204013 0.622352122652848
0.782608695652174 0.641831708035234
0.812709030100334 0.660894793454256
0.842809364548495 0.679541378909913
0.872909698996655 0.697771464402208
0.903010033444816 0.715585049931138
0.933110367892977 0.732982135496705
0.963210702341137 0.749962721098908
0.993311036789298 0.766526806737748
1.02341137123746 0.782538259590515
1.05351170568562 0.797694253582206
1.08361204013378 0.811983675829335
1.11371237458194 0.825406526331901
1.1438127090301 0.837962805089904
1.17391304347826 0.849652512103345
1.20401337792642 0.860475647372223
1.23411371237458 0.870432210896539
1.26421404682274 0.879522202676292
1.2943143812709 0.887745622711483
1.32441471571906 0.895102471002111
1.35451505016722 0.901592747548177
1.38461538461538 0.90721645234968
1.41471571906355 0.91197358540662
1.44481605351171 0.915864146718998
1.47491638795987 0.918888136286813
1.50501672240803 0.921045554110066
1.53511705685619 0.922336400188756
1.56521739130435 0.922760674522884
1.59531772575251 0.922318377112449
1.62541806020067 0.921009507957451
1.65551839464883 0.918834067057891
1.68561872909699 0.915792054413768
1.71571906354515 0.911883470025083
1.74581939799331 0.907108313891835
1.77591973244147 0.901466586014025
1.80602006688963 0.894958286391652
1.83612040133779 0.887583415024716
1.86622073578595 0.879341971913218
1.89632107023411 0.870233957057158
1.92642140468227 0.860259370456534
1.95652173913043 0.849418212111348
1.9866220735786 0.8377104820216
2.01672240802676 0.825189675601541
2.04682274247492 0.81211471065615
2.07692307692308 0.798519824250548
2.10702341137124 0.784405016384735
2.1371237458194 0.769770287058711
2.16722408026756 0.754615636272476
2.19732441471572 0.73894106402603
2.22742474916388 0.722746570319373
2.25752508361204 0.706032155152506
2.2876254180602 0.688797818525427
2.31772575250836 0.671043560438137
2.34782608695652 0.652769380890637
2.37792642140468 0.633975279882925
2.40802675585284 0.614661257415003
2.438127090301 0.59482731348687
2.46822742474916 0.574473448098525
2.49832775919732 0.55359966124997
2.52842809364549 0.532205952941204
2.55852842809365 0.510292323172227
2.58862876254181 0.487858771943039
2.61872909698997 0.46490529925364
2.64882943143813 0.44143190510403
2.67892976588629 0.41743858949421
2.70903010033445 0.392925352424178
2.73913043478261 0.367892193893935
2.76923076923077 0.342339113903482
2.79933110367893 0.316266112452817
2.82943143812709 0.289673189541942
2.85953177257525 0.262560345170855
2.88963210702341 0.234927579339558
2.91973244147157 0.20677489204805
2.94983277591973 0.178102283296331
2.97993311036789 0.148909753084401
3.01003344481605 0.119243116060989
3.04013377926421 0.089697962659578
3.07023411371237 0.0604575514750846
3.10033444816054 0.0315218825075096
3.1304347826087 0.00289095575685211
3.16053511705686 -0.025435228776887
3.19063545150502 -0.0534566710937085
3.22073578595318 -0.0811733711936121
3.25083612040134 -0.108585329076597
3.2809364548495 -0.135692544742665
3.31103678929766 -0.162495018191814
3.34113712374582 -0.188992749424046
3.37123745819398 -0.215185738439359
3.40133779264214 -0.241073985237755
3.4314381270903 -0.266657489819232
3.46153846153846 -0.291936252183792
3.49163879598662 -0.316910272331433
3.52173913043478 -0.341579550262157
3.55183946488294 -0.365944085975963
3.5819397993311 -0.390003879472851
3.61204013377926 -0.41375893075282
3.64214046822742 -0.437209239815872
3.67224080267559 -0.460354806662006
3.70234113712375 -0.483195631291222
3.73244147157191 -0.50573171370352
3.76254180602007 -0.527963053898899
3.79264214046823 -0.549889651877361
3.82274247491639 -0.571511507638905
3.85284280936455 -0.592828621183531
3.88294314381271 -0.613840992511239
3.91304347826087 -0.634548621622029
3.94314381270903 -0.654951508515902
3.97324414715719 -0.675049653192855
4.00334448160535 -0.694839694633828
4.03344481605351 -0.713995613989661
4.06354515050167 -0.73230230604029
4.09364548494983 -0.749759770785717
4.12374581939799 -0.76636800822594
4.15384615384615 -0.78212701836096
4.18394648829431 -0.797036801190776
4.21404682274247 -0.811097356715389
4.24414715719064 -0.8243086849348
4.2742474916388 -0.836670785849007
4.30434782608696 -0.84818365945801
4.33444816053512 -0.85884730576181
4.36454849498328 -0.868661724760408
4.39464882943144 -0.877626916453802
4.4247491638796 -0.885742880841993
4.45484949832776 -0.89300961792498
4.48494983277592 -0.899427127702764
4.51505016722408 -0.904995410175345
4.54515050167224 -0.909714465342723
4.5752508361204 -0.913584293204898
4.60535117056856 -0.916604893761869
4.63545150501672 -0.918776267013637
4.66555183946488 -0.920098412960202
4.69565217391304 -0.920571331601564
4.7257525083612 -0.920195022937722
4.75585284280936 -0.918969486968678
4.78595317725753 -0.916894723694429
4.81605351170569 -0.913970733114978
4.84615384615385 -0.910197515230324
4.87625418060201 -0.905575070040466
4.90635451505017 -0.900103397545405
4.93645484949833 -0.893782497745141
4.96655518394649 -0.886612370639674
4.99665551839465 -0.878593016229003
5.02675585284281 -0.869817783877951
5.05685618729097 -0.860428156217577
5.08695652173913 -0.850425591831706
5.11705685618729 -0.839810090720339
5.14715719063545 -0.828581652883473
5.17725752508361 -0.816740278321111
5.20735785953177 -0.804285967033252
5.23745819397993 -0.791218719019896
5.26755852842809 -0.777538534281043
5.29765886287625 -0.763245412816693
5.32775919732441 -0.748339354626846
5.35785953177258 -0.732820359711502
5.38795986622074 -0.716688428070661
5.4180602006689 -0.699943559704323
5.44816053511706 -0.682585754612487
5.47826086956522 -0.664615012795155
5.50836120401338 -0.646031334252326
5.53846153846154 -0.626834718984
5.5685618729097 -0.607025166990177
5.59866220735786 -0.586602678270856
5.62876254180602 -0.565567252826039
5.65886287625418 -0.543918890655725
5.68896321070234 -0.521657591759914
5.7190635451505 -0.498783356138606
5.74916387959866 -0.4752961837918
5.77926421404682 -0.451196074719498
5.80936454849498 -0.426483028921699
5.83946488294314 -0.401157046398403
5.8695652173913 -0.375218127149609
5.89966555183947 -0.348666271175318
5.92976588628763 -0.321501478475532
5.95986622073579 -0.293723749050247
5.98996655518395 -0.265333082899466
6.02006688963211 -0.236507218196171
6.05016722408027 -0.207823804002559
6.08026755852843 -0.179327274861875
6.11036789297659 -0.15101763077412
6.14046822742475 -0.122894871739294
6.17056856187291 -0.0949589977573962
6.20066889632107 -0.0672100088284278
6.23076923076923 -0.0396479049523872
6.26086956521739 -0.0122726861292753
6.29096989966555 0.014915647640908
6.32107023411371 0.0419170963581619
6.35117056856187 0.068731660022488
6.38127090301003 0.0953593386338854
6.41137123745819 0.121800132192354
6.44147157190636 0.148054040697894
6.47157190635451 0.174121064150505
6.50167224080268 0.200001202550188
6.53177257525084 0.225694455896942
6.561872909699 0.251200824190768
6.59197324414716 0.276520307431664
6.62207357859532 0.301652905619633
6.65217391304348 0.326598618754673
6.68227424749164 0.351357446836784
6.7123745819398 0.375929389865966
6.74247491638796 0.400314447842219
6.77257525083612 0.424512620765545
6.80267558528428 0.448523908635941
6.83277591973244 0.47234831145341
6.8628762541806 0.495985829217948
6.89297658862876 0.519436461929559
6.92307692307692 0.542700209588241
6.95317725752508 0.565777072193995
6.98327759197324 0.588667049746819
7.0133779264214 0.61130811750374
7.04347826086957 0.633231213346003
7.07357859531773 0.654339423612711
7.10367892976589 0.674632748303862
7.13377926421405 0.694111187419457
7.16387959866221 0.712774740959495
7.19397993311037 0.730623408923978
7.22408026755853 0.747657191312904
7.25418060200669 0.763876088126273
7.28428093645485 0.779280099364087
7.31438127090301 0.793869225026344
7.34448160535117 0.807643465113045
7.37458193979933 0.82060281962419
7.40468227424749 0.832747288559778
7.43478260869565 0.844076871919811
7.46488294314381 0.854591569704287
7.49498327759197 0.864291381913207
7.52508361204013 0.87317630854657
7.55518394648829 0.881246349604377
7.58528428093646 0.888501505086628
7.61538461538462 0.894941774993323
7.64548494983278 0.900567159324461
7.67558528428094 0.905377658080043
7.7056856187291 0.909373271260069
7.73578595317726 0.912553998864539
7.76588628762542 0.914919840893452
7.79598662207358 0.916470797346809
7.82608695652174 0.91720686822461
7.8561872909699 0.917128053526854
7.88628762541806 0.916234353253543
7.91638795986622 0.914525767404675
7.94648829431438 0.91200229598025
7.97658862876254 0.90866393898027
8.0066889632107 0.904513689034795
8.03678929765886 0.899633095313009
8.06688963210702 0.894058817533167
8.09698996655518 0.887790855695271
8.12709030100334 0.88082920979932
8.1571906354515 0.873173879845314
8.18729096989967 0.864824865833254
8.21739130434783 0.855782167763138
8.24749163879599 0.846045785634968
8.27759197324415 0.835615719448743
8.30769230769231 0.824491969204462
8.33779264214047 0.812674534902127
8.36789297658863 0.800163416541738
8.39799331103679 0.786958614123294
8.42809364548495 0.773060127646794
8.45819397993311 0.75846795711224
8.48829431438127 0.743182102519631
8.51839464882943 0.727202563868967
8.54849498327759 0.710529341160248
8.57859531772575 0.693162434393474
8.60869565217391 0.675101843568645
8.63879598662207 0.656347568685763
8.66889632107023 0.636899609744825
8.69899665551839 0.616757966745832
8.72909698996656 0.595922639688784
8.75919732441472 0.574393628573681
8.78929765886288 0.552170933400523
8.81939799331104 0.529254554169311
8.8494983277592 0.505644490880043
8.87959866220736 0.481340743532721
8.90969899665552 0.456343312127345
8.93979933110368 0.430652196663913
8.96989966555184 0.404267397142427
9 0.377188913562885
