0 1
0.0301003344481605 0.986162945661583
0.0602006688963211 0.972325891323166
0.0903010033444816 0.958488836984748
0.120401337792642 0.944651782646331
0.150501672240803 0.930814728307914
0.180602006688963 0.916977673969497
0.210702341137124 0.90314061963108
0.240802675585284 0.889303565292662
0.270903010033445 0.875466510954245
0.301003344481605 0.861629456615828
0.331103678929766 0.847792402277411
0.361204013377926 0.833955347938994
0.391304347826087 0.820118293600576
0.421404682274247 0.806281239262159
0.451505016722408 0.792444184923742
0.481605351170569 0.778607130585325
0.511705685618729 0.764770076246908
0.54180602006689 0.75093302190849
0.57190635451505 0.737095967570073
0.602006688963211 0.723258913231656
0.632107023411371 0.709421858893239
0.662207357859532 0.695584804554822
0.692307692307692 0.681747750216404
0.722408026755853 0.667910695877987
0.752508361204013 0.65407364153957
0.782608695652174 0.640236587201153
0.812709030100334 0.626399532862736
0.842809364548495 0.612562478524318
0.872909698996655 0.598725424185901
0.903010033444816 0.584888369847484
0.933110367892977 0.571051315509067
0.963210702341137 0.55721426117065
0.993311036789298 0.543377206832232
1.02341137123746 0.517910519925307
1.05351170568562 0.489121080855951
1.08361204013378 0.460331641786594
1.11371237458194 0.431542202717238
1.1438127090301 0.402752763647882
1.17391304347826 0.373963324578525
1.20401337792642 0.345173885509169
1.23411371237458 0.316384446439813
1.26421404682274 0.287595007370457
1.2943143812709 0.2588055683011
1.32441471571906 0.230016129231744
1.35451505016722 0.201226690162388
1.38461538461538 0.172437251093031
1.41471571906355 0.143647812023675
1.44481605351171 0.114858372954319
1.47491638795987 0.0860689338849622
1.50501672240803 0.0572794948156059
1.53511705685619 0.0284900557462496
1.56521739130435 -0.00029938332310675
1.59531772575251 -0.029088822392463
1.62541806020067 -0.0578782614618193
1.65551839464883 -0.0866677005311756
1.68561872909699 -0.115457139600532
1.71571906354515 -0.144246578669888
1.74581939799331 -0.173036017739244
1.77591973244147 -0.201825456808601
1.80602006688963 -0.230614895877957
1.83612040133779 -0.259404334947314
1.86622073578595 -0.28819377401667
1.89632107023411 -0.316983213086026
1.92642140468227 -0.345772652155383
1.95652173913043 -0.374562091224739
1.9866220735786 -0.403351530294095
2.01672240802676 -0.425742917818937
2.04682274247492 -0.443015864108167
2.07692307692308 -0.460288810397397
2.10702341137124 -0.477561756686626
2.1371237458194 -0.494834702975856
2.16722408026756 -0.512107649265086
2.19732441471572 -0.529380595554316
2.22742474916388 -0.546653541843546
2.25752508361204 -0.563926488132776
2.2876254180602 -0.581199434422006
2.31772575250836 -0.598472380711235
2.34782608695652 -0.615745327000465
2.37792642140468 -0.633018273289695
2.40802675585284 -0.650291219578925
2.438127090301 -0.667564165868155
2.46822742474916 -0.684837112157385
2.49832775919732 -0.702110058446614
2.52842809364549 -0.719383004735844
2.55852842809365 -0.736655951025074
2.58862876254181 -0.753928897314304
2.61872909698997 -0.771201843603534
2.64882943143813 -0.788474789892764
2.67892976588629 -0.805747736181994
2.70903010033445 -0.823020682471224
2.73913043478261 -0.840293628760453
2.76923076923077 -0.857566575049683
2.79933110367893 -0.874839521338913
2.82943143812709 -0.892112467628143
2.85953177257525 -0.909385413917373
2.88963210702341 -0.926658360206603
2.91973244147157 -0.943931306495833
2.94983277591973 -0.961204252785063
2.97993311036789 -0.978477199074292
3.01003344481605 -0.986617758716798
3.04013377926421 -0.976493545065857
3.07023411371237 -0.966369331414915
3.10033444816054 -0.956245117763974
3.1304347826087 -0.946120904113032
3.16053511705686 -0.935996690462091
3.19063545150502 -0.925872476811149
3.22073578595318 -0.915748263160208
3.25083612040134 -0.905624049509266
3.2809364548495 -0.895499835858325
3.31103678929766 -0.885375622207384
3.34113712374582 -0.875251408556442
3.37123745819398 -0.865127194905501
3.40133779264214 -0.855002981254559
3.4314381270903 -0.844878767603618
3.46153846153846 -0.834754553952676
3.49163879598662 -0.824630340301735
3.52173913043478 -0.814506126650793
3.55183946488294 -0.804381912999852
3.5819397993311 -0.79425769934891
3.61204013377926 -0.784133485697969
3.64214046822742 -0.774009272047027
3.67224080267559 -0.763885058396086
3.70234113712375 -0.753760844745144
3.73244147157191 -0.743636631094203
3.76254180602007 -0.733512417443261
3.79264214046823 -0.72338820379232
3.82274247491639 -0.713263990141378
3.85284280936455 -0.703139776490437
3.88294314381271 -0.693015562839495
3.91304347826087 -0.682891349188554
3.94314381270903 -0.672767135537612
3.97324414715719 -0.662642921886671
4.00334448160535 -0.650508818835763
4.03344481605351 -0.622295600585122
4.06354515050167 -0.594082382334482
4.09364548494983 -0.565869164083841
4.12374581939799 -0.5376559458332
4.15384615384615 -0.50944272758256
4.18394648829431 -0.481229509331919
4.21404682274247 -0.453016291081279
4.24414715719064 -0.424803072830638
4.2742474916388 -0.396589854579997
4.30434782608696 -0.368376636329356
4.33444816053512 -0.340163418078716
4.36454849498328 -0.311950199828076
4.39464882943144 -0.283736981577435
4.4247491638796 -0.255523763326794
4.45484949832776 -0.227310545076154
4.48494983277592 -0.199097326825513
4.51505016722408 -0.170884108574872
4.54515050167224 -0.142670890324232
4.5752508361204 -0.114457672073591
4.60535117056856 -0.0862444538229509
4.63545150501672 -0.05803123557231
4.66555183946488 -0.0298180173216692
4.69565217391304 -0.0016047990710284
4.7257525083612 0.0266084191796115
4.75585284280936 0.0548216374302524
4.78595317725753 0.0830348556808932
4.81605351170569 0.111248073931534
4.84615384615385 0.139461292182175
4.87625418060201 0.167674510432815
4.90635451505017 0.195887728683456
4.93645484949833 0.224100946934096
4.96655518394649 0.252314165184737
4.99665551839465 0.280527383435377
5.02675585284281 0.301762736665558
5.05685618729097 0.322125856768181
5.08695652173913 0.342488976870804
5.11705685618729 0.362852096973426
5.14715719063545 0.383215217076049
5.17725752508361 0.403578337178673
5.20735785953177 0.423941457281296
5.23745819397993 0.444304577383919
5.26755852842809 0.464667697486541
5.29765886287625 0.485030817589164
5.32775919732441 0.505393937691787
5.35785953177258 0.52575705779441
5.38795986622074 0.546120177897033
5.4180602006689 0.566483297999656
5.44816053511706 0.586846418102279
5.47826086956522 0.607209538204902
5.50836120401338 0.627572658307525
5.53846153846154 0.647935778410148
5.5685618729097 0.668298898512771
5.59866220735786 0.688662018615394
5.62876254180602 0.709025138718017
5.65886287625418 0.729388258820639
5.68896321070234 0.749751378923262
5.7190635451505 0.770114499025885
5.74916387959866 0.790477619128509
5.77926421404682 0.810840739231131
5.80936454849498 0.831203859333754
5.83946488294314 0.851566979436377
5.8695652173913 0.871930099539
5.89966555183947 0.892293219641623
5.92976588628763 0.912656339744246
5.95986622073579 0.933019459846869
5.98996655518395 0.953382579949492
6.02006688963211 0.956031128811428
6.05016722408027 0.949822392053022
6.08026755852843 0.943613655294615
6.11036789297659 0.937404918536209
6.14046822742475 0.931196181777802
6.17056856187291 0.924987445019396
6.20066889632107 0.918778708260989
6.23076923076923 0.912569971502583
6.26086956521739 0.906361234744176
6.29096989966555 0.900152497985769
6.32107023411371 0.893943761227363
6.35117056856187 0.887735024468957
6.38127090301003 0.88152628771055
6.41137123745819 0.875317550952143
6.44147157190636 0.869108814193737
6.47157190635451 0.86290007743533
6.50167224080268 0.856691340676924
6.53177257525084 0.850482603918517
6.561872909699 0.844273867160111
6.59197324414716 0.838065130401704
6.62207357859532 0.831856393643298
6.65217391304348 0.825647656884891
6.68227424749164 0.819438920126485
6.7123745819398 0.813230183368078
6.74247491638796 0.807021446609672
6.77257525083612 0.800812709851265
6.80267558528428 0.794603973092858
6.83277591973244 0.788395236334452
6.8628762541806 0.782186499576045
6.89297658862876 0.775977762817639
6.92307692307692 0.769769026059232
6.95317725752508 0.763560289300826
6.98327759197324 0.757351552542419
7.0133779264214 0.741870116709165
7.04347826086957 0.714797807032352
7.07357859531773 0.687725497355538
7.10367892976589 0.660653187678724
7.13377926421405 0.633580878001911
7.16387959866221 0.606508568325097
7.19397993311037 0.579436258648283
7.22408026755853 0.55236394897147
7.25418060200669 0.525291639294657
7.28428093645485 0.498219329617843
7.31438127090301 0.471147019941029
7.34448160535117 0.444074710264215
7.37458193979933 0.417002400587402
7.40468227424749 0.389930090910589
7.43478260869565 0.362857781233775
7.46488294314381 0.335785471556961
7.49498327759197 0.308713161880147
7.52508361204013 0.281640852203334
7.55518394648829 0.254568542526521
7.58528428093646 0.227496232849707
7.61538461538462 0.200423923172893
7.64548494983278 0.17335161349608
7.67558528428094 0.146279303819266
7.7056856187291 0.119206994142453
7.73578595317726 0.0921346844656388
7.76588628762542 0.0650623747888249
7.79598662207358 0.037990065112012
7.82608695652174 0.0109177554351982
7.8561872909699 -0.0161545542416156
7.88628762541806 -0.0432268639184293
7.91638795986622 -0.0702991735952423
7.94648829431438 -0.097371483272056
7.97658862876254 -0.12444379294887
8.0066889632107 -0.150621306237216
8.03678929765886 -0.173667032165927
8.06688963210702 -0.196712758094639
8.09698996655518 -0.21975848402335
8.12709030100334 -0.242804209952059
8.1571906354515 -0.26584993588077
8.18729096989967 -0.288895661809482
8.21739130434783 -0.311941387738193
8.24749163879599 -0.334987113666904
8.27759197324415 -0.358032839595615
8.30769230769231 -0.381078565524326
8.33779264214047 -0.404124291453037
8.36789297658863 -0.427170017381748
8.39799331103679 -0.450215743310458
8.42809364548495 -0.473261469239169
8.45819397993311 -0.49630719516788
8.48829431438127 -0.519352921096591
8.51839464882943 -0.542398647025302
8.54849498327759 -0.565444372954013
8.57859531772575 -0.588490098882724
8.60869565217391 -0.611535824811435
8.63879598662207 -0.634581550740145
8.66889632107023 -0.657627276668856
8.69899665551839 -0.680673002597567
8.72909698996656 -0.703718728526278
8.75919732441472 -0.72676445445499
8.78929765886288 -0.749810180383701
8.81939799331104 -0.772855906312412
8.8494983277592 -0.795901632241123
8.87959866220736 -0.818947358169834
8.90969899665552 -0.841993084098544
8.93979933110368 -0.865038810027255
8.96989966555184 -0.888084535955966
9 -0.911130261884677
