0 0
0.0301003344481605 0.000381199034515495
0.0602006688963211 0.00152479613806198
0.0903010033444816 0.00343079131063946
0.120401337792642 0.00609918455224793
0.150501672240803 0.00952997586288739
0.180602006688963 0.0137231652425578
0.210702341137124 0.0186787526912593
0.240802675585284 0.0243967382089917
0.270903010033445 0.0308771217957551
0.301003344481605 0.0381199034515496
0.331103678929766 0.0461250831763749
0.361204013377926 0.0548926609702313
0.391304347826087 0.0644226368331187
0.421404682274247 0.0747150107650371
0.451505016722408 0.0857697827659865
0.481605351170569 0.0975869528359668
0.511705685618729 0.110166520974978
0.54180602006689 0.123508487183021
0.57190635451505 0.137612851460094
0.602006688963211 0.152479613806198
0.632107023411371 0.168108774221334
0.662207357859532 0.1845003327055
0.692307692307692 0.201654289258697
0.722408026755853 0.219570643880925
0.752508361204013 0.238249396572185
0.782608695652174 0.257690547332475
0.812709030100334 0.277894096161796
0.842809364548495 0.298860043060148
0.872909698996655 0.320588388027532
0.903010033444816 0.343079131063946
0.933110367892977 0.366332272169391
0.963210702341137 0.390347811343867
0.993311036789298 0.415125748587375
1.02341137123746 0.440685318342072
1.05351170568562 0.467044679091473
1.08361204013378 0.494159030453736
1.11371237458194 0.521981617070714
1.1438127090301 0.550465683584259
1.17391304347826 0.579564474636224
1.20401337792642 0.609231234868461
1.23411371237458 0.639419208922824
1.26421404682274 0.670081641441164
1.2943143812709 0.701171777065335
1.32441471571906 0.732642860437189
1.35451505016722 0.764448136198578
1.38461538461538 0.796540848991356
1.41471571906355 0.828874243457375
1.44481605351171 0.861401564238487
1.47491638795987 0.894076055976546
1.50501672240803 0.926850963313404
1.53511705685619 0.959679530890913
1.56521739130435 0.992515003350926
1.59531772575251 1.0253106253353
1.62541806020067 1.05801964148587
1.65551839464883 1.09059529644452
1.68561872909699 1.12299083485307
1.71571906354515 1.1551595013534
1.74581939799331 1.18705454058734
1.77591973244147 1.21862919719675
1.80602006688963 1.2498367158235
1.83612040133779 1.28063034110942
1.86622073578595 1.31096331769636
1.89632107023411 1.3407888902262
1.92642140468227 1.37006030334077
1.95652173913043 1.39873080168192
1.9866220735786 1.42675362989152
2.01672240802676 1.45408340183979
2.04682274247492 1.48069931178474
2.07692307692308 1.50660181536263
2.10702341137124 1.5317920692546
2.1371237458194 1.55627123014182
2.16722408026756 1.58004045470545
2.19732441471572 1.60310089962665
2.22742474916388 1.62545372158659
2.25752508361204 1.64710007726643
2.2876254180602 1.66804112334733
2.31772575250836 1.68827801651046
2.34782608695652 1.70781191343697
2.37792642140468 1.72664397080803
2.40802675585284 1.74477534530479
2.438127090301 1.76220719360843
2.46822742474916 1.7789406724001
2.49832775919732 1.79497693836097
2.52842809364549 1.8103171481722
2.55852842809365 1.82496245851495
2.58862876254181 1.83891402607039
2.61872909698997 1.85217300751967
2.64882943143813 1.86474055954395
2.67892976588629 1.87661783882441
2.70903010033445 1.8878060020422
2.73913043478261 1.89830620587848
2.76923076923077 1.90811960701443
2.79933110367893 1.91724736213119
2.82943143812709 1.92569062790993
2.85953177257525 1.93345056103181
2.88963210702341 1.94052831817801
2.91973244147157 1.94692505602967
2.94983277591973 1.95264193126796
2.97993311036789 1.95768010057404
3.01003344481605 1.96204066266532
3.04013377926421 1.96572123843367
3.07023411371237 1.9687140581414
3.10033444816054 1.97101088834073
3.1304347826087 1.9726034955839
3.16053511705686 1.97348364642315
3.19063545150502 1.9736431074107
3.22073578595318 1.9730736450988
3.25083612040134 1.97176702603967
3.2809364548495 1.96971501678555
3.31103678929766 1.96690938388867
3.34113712374582 1.96334189390126
3.37123745819398 1.95900431337556
3.40133779264214 1.9538884088638
3.4314381270903 1.94798594691821
3.46153846153846 1.94128869409103
3.49163879598662 1.9337884169345
3.52173913043478 1.92547688200083
3.55183946488294 1.91634585584228
3.5819397993311 1.90638710501106
3.61204013377926 1.89559239605942
3.64214046822742 1.88395349553958
3.67224080267559 1.87146217000379
3.70234113712375 1.85811018600427
3.73244147157191 1.84388931009325
3.76254180602007 1.82879130882298
3.79264214046823 1.81280794874568
3.82274247491639 1.79593099641359
3.85284280936455 1.77815221837893
3.88294314381271 1.75946338119395
3.91304347826087 1.73985625141088
3.94314381270903 1.71932259558195
3.97324414715719 1.69785418025939
4.00334448160535 1.67544278443677
4.03344481605351 1.65209257867426
4.06354515050167 1.62784337794804
4.09364548494983 1.60274136719622
4.12374581939799 1.57683273135694
4.15384615384615 1.5501636553683
4.18394648829431 1.52278032416844
4.21404682274247 1.49472892269549
4.24414715719064 1.46605563588755
4.2742474916388 1.43680664868275
4.30434782608696 1.40702814601922
4.33444816053512 1.37676631283509
4.36454849498328 1.34606733406846
4.39464882943144 1.31497739465747
4.4247491638796 1.28354267954024
4.45484949832776 1.25180937365489
4.48494983277592 1.21982366193955
4.51505016722408 1.18763172933233
4.54515050167224 1.15527976077136
4.5752508361204 1.12281394119476
4.60535117056856 1.09028045554066
4.63545150501672 1.05772548874718
4.66555183946488 1.02519522575244
4.69565217391304 0.992735851494567
4.7257525083612 0.960393550911679
4.75585284280936 0.9282145089419
4.78595317725753 0.896244910523354
4.81605351170569 0.864530940594163
4.84615384615385 0.833118784092451
4.87625418060201 0.802054625956342
4.90635451505017 0.771384651123956
4.93645484949833 0.741155044533417
4.96655518394649 0.711411991122849
4.99665551839465 0.682201675830374
5.02675585284281 0.653565100085261
5.05685618729097 0.6255142599401
5.08695652173913 0.598051067902914
5.11705685618729 0.571177426357685
5.14715719063545 0.544895237688396
5.17725752508361 0.51920640427903
5.20735785953177 0.494112828513569
5.23745819397993 0.469616412775996
5.26755852842809 0.445719059450294
5.29765886287625 0.422422670920446
5.32775919732441 0.399729149570433
5.35785953177258 0.37764039778424
5.38795986622074 0.356158317945849
5.4180602006689 0.335284812439242
5.44816053511706 0.315021783648402
5.47826086956522 0.295371133957312
5.50836120401338 0.276334765749954
5.53846153846154 0.257914581410312
5.5685618729097 0.240112483322368
5.59866220735786 0.222930373870104
5.62876254180602 0.206370155437503
5.65886287625418 0.19043373040855
5.68896321070234 0.175123001167225
5.7190635451505 0.160439870097511
5.74916387959866 0.146386239583391
5.77926421404682 0.132964012008849
5.80936454849498 0.120175089757866
5.83946488294314 0.108021375214425
5.8695652173913 0.0965047707625097
5.89966555183947 0.085627178786102
5.92976588628763 0.0753905016691852
5.95986622073579 0.0657966417957413
5.98996655518395 0.0568475015497535
6.02006688963211 0.048545487370696
6.05016722408027 0.040898865343138
6.08026755852843 0.0339196819678367
6.11036789297659 0.0276200467524868
6.14046822742475 0.0220120692047828
6.17056856187291 0.0171078588324192
6.20066889632107 0.0129195251430905
6.23076923076923 0.0094591776444909
6.26086956521739 0.00673892584431501
6.29096989966555 0.00477087925025727
6.32107023411371 0.00356714737001217
6.35117056856187 0.00313983971127406
6.38127090301003 0.00350106578173746
6.41137123745819 0.00466293508909682
6.44147157190636 0.00663755714104661
6.47157190635451 0.00943704144528114
6.50167224080268 0.0130734975094951
6.53177257525084 0.0175590348413828
6.561872909699 0.0229057629486386
6.59197324414716 0.029125791338957
6.62207357859532 0.0362312295200327
6.65217391304348 0.0442341869995599
6.68227424749164 0.0531467732852332
6.7123745819398 0.0629810978847466
6.74247491638796 0.0737492703057952
6.77257525083612 0.0854634000560732
6.80267558528428 0.098135596643275
6.83277591973244 0.111777969575095
6.8628762541806 0.126402628359227
6.89297658862876 0.142021682503367
6.92307692307692 0.158647241515209
6.95317725752508 0.176291414902447
6.98327759197324 0.194966312172774
7.0133779264214 0.214683206400084
7.04347826086957 0.235428003189334
7.07357859531773 0.25715728068526
7.10367892976589 0.279825983372828
7.13377926421405 0.303389055737002
7.16387959866221 0.32780144226275
7.19397993311037 0.353018087435036
7.22408026755853 0.378993935738827
7.25418060200669 0.405683931659085
7.28428093645485 0.433043019680779
7.31438127090301 0.461026144288873
7.34448160535117 0.489588249968333
7.37458193979933 0.518684281204123
7.40468227424749 0.54826918248121
7.43478260869565 0.578297898284559
7.46488294314381 0.608725373099136
7.49498327759197 0.639506551409906
7.52508361204013 0.670596377701833
7.55518394648829 0.701949796459885
7.58528428093646 0.733521752169026
7.61538461538462 0.765267189314222
7.64548494983278 0.797141052380437
7.67558528428094 0.829098285852638
7.7056856187291 0.861093834215791
7.73578595317726 0.893082641954861
7.76588628762542 0.925019653554812
7.79598662207358 0.956859813500611
7.82608695652174 0.988558066277223
7.8561872909699 1.02006935636961
7.88628762541806 1.05134862826275
7.91638795986622 1.08235082644159
7.94648829431438 1.11303089539111
7.97658862876254 1.14334377959627
8.0066889632107 1.17324449761159
8.03678929765886 1.20270009503611
8.06688963210702 1.2317028381534
8.09698996655518 1.26024816897935
8.12709030100334 1.28833152952985
8.1571906354515 1.31594836182079
8.18729096989967 1.34309410786805
8.21739130434783 1.36976420968752
8.24749163879599 1.3959541092951
8.27759197324415 1.42165924870666
8.30769230769231 1.44687506993809
8.33779264214047 1.47159701500528
8.36789297658863 1.49582052592413
8.39799331103679 1.5195410447105
8.42809364548495 1.5427540133803
8.45819397993311 1.56545487394941
8.48829431438127 1.58763906843372
8.51839464882943 1.60930203884912
8.54849498327759 1.63043922721148
8.57859531772575 1.65104607553671
8.60869565217391 1.67111802584069
8.63879598662207 1.69065052013929
8.66889632107023 1.70963900044843
8.69899665551839 1.72807890878397
8.72909698996656 1.74596568716181
8.75919732441472 1.76329477759783
8.78929765886288 1.78006162210792
8.81939799331104 1.79626166270797
8.8494983277592 1.81189034141387
8.87959866220736 1.82694310024151
8.90969899665552 1.84141538120676
8.93979933110368 1.85530262632552
8.96989966555184 1.86860027761368
9 1.88130377708712
