0 0.841470984807897
0.0301003344481605 0.841470984807897
0.0602006688963211 0.841470984807897
0.0903010033444816 0.841470984807897
0.120401337792642 0.841470984807897
0.150501672240803 0.841470984807897
0.180602006688963 0.841470984807897
0.210702341137124 0.841470984807897
0.240802675585284 0.841470984807897
0.270903010033445 0.841470984807897
0.301003344481605 0.841470984807897
0.331103678929766 0.841470984807897
0.361204013377926 0.841470984807897
0.391304347826087 0.841470984807897
0.421404682274247 0.841470984807897
0.451505016722408 0.841470984807897
0.481605351170569 0.841470984807897
0.511705685618729 0.841470984807897
0.54180602006689 0.841470984807897
0.57190635451505 0.841470984807897
0.602006688963211 0.841470984807897
0.632107023411371 0.841470984807897
0.662207357859532 0.841470984807897
0.692307692307692 0.841470984807897
0.722408026755853 0.841470984807897
0.752508361204013 0.841470984807897
0.782608695652174 0.841470984807897
0.812709030100334 0.841470984807897
0.842809364548495 0.841470984807897
0.872909698996655 0.841470984807897
0.903010033444816 0.841470984807897
0.933110367892977 0.841470984807897
0.963210702341137 0.841470984807897
0.993311036789298 0.841470984807897
1.02341137123746 0.884899895730956
1.05351170568562 0.833295256549071
1.08361204013378 0.781690617367187
1.11371237458194 0.730085978185302
1.1438127090301 0.678481339003418
1.17391304347826 0.626876699821533
1.20401337792642 0.575272060639649
1.23411371237458 0.523667421457764
1.26421404682274 0.47206278227588
1.2943143812709 0.420458143093996
1.32441471571906 0.368853503912111
1.35451505016722 0.317248864730227
1.38461538461538 0.265644225548342
1.41471571906355 0.214039586366458
1.44481605351171 0.162434947184574
1.47491638795987 0.110830308002689
1.50501672240803 0.0592256688208043
1.53511705685619 0.00762102963891986
1.56521739130435 -0.0439836095429645
1.59531772575251 -0.0955882487248491
1.62541806020067 -0.147192887906733
1.65551839464883 -0.198797527088618
1.68561872909699 -0.250402166270502
1.71571906354515 -0.302006805452387
1.74581939799331 -0.353611444634271
1.77591973244147 -0.405216083816156
1.80602006688963 -0.45682072299804
1.83612040133779 -0.508425362179925
1.86622073578595 -0.560030001361809
1.89632107023411 -0.611634640543694
1.92642140468227 -0.663239279725578
1.95652173913043 -0.714843918907462
1.9866220735786 -0.766448558089347
2.01672240802676 -0.788674704635293
2.04682274247492 -0.787398057072488
2.07692307692308 -0.786121409509683
2.10702341137124 -0.784844761946878
2.1371237458194 -0.783568114384073
2.16722408026756 -0.782291466821268
2.19732441471572 -0.781014819258463
2.22742474916388 -0.779738171695659
2.25752508361204 -0.778461524132854
2.2876254180602 -0.777184876570049
2.31772575250836 -0.775908229007244
2.34782608695652 -0.774631581444439
2.37792642140468 -0.773354933881634
2.40802675585284 -0.772078286318829
2.438127090301 -0.770801638756024
2.46822742474916 -0.76952499119322
2.49832775919732 -0.768248343630415
2.52842809364549 -0.76697169606761
2.55852842809365 -0.765695048504805
2.58862876254181 -0.764418400942
2.61872909698997 -0.763141753379195
2.64882943143813 -0.76186510581639
2.67892976588629 -0.760588458253586
2.70903010033445 -0.759311810690781
2.73913043478261 -0.758035163127976
2.76923076923077 -0.756758515565171
2.79933110367893 -0.755481868002366
2.82943143812709 -0.754205220439561
2.85953177257525 -0.752928572876756
2.88963210702341 -0.751651925313952
2.91973244147157 -0.750375277751147
2.94983277591973 -0.749098630188342
2.97993311036789 -0.747821982625537
3.01003344481605 -0.750000013730952
3.04013377926421 -0.759087402172805
3.07023411371237 -0.768174790614659
3.10033444816054 -0.777262179056513
3.1304347826087 -0.786349567498367
3.16053511705686 -0.795436955940221
3.19063545150502 -0.804524344382075
3.22073578595318 -0.813611732823929
3.25083612040134 -0.822699121265783
3.2809364548495 -0.831786509707637
3.31103678929766 -0.840873898149491
3.34113712374582 -0.849961286591344
3.37123745819398 -0.859048675033198
3.40133779264214 -0.868136063475052
3.4314381270903 -0.877223451916906
3.46153846153846 -0.88631084035876
3.49163879598662 -0.895398228800614
3.52173913043478 -0.904485617242468
3.55183946488294 -0.913573005684322
3.5819397993311 -0.922660394126176
3.61204013377926 -0.931747782568029
3.64214046822742 -0.940835171009883
3.67224080267559 -0.949922559451737
3.70234113712375 -0.959009947893591
3.73244147157191 -0.968097336335445
3.76254180602007 -0.977184724777299
3.79264214046823 -0.986272113219153
3.82274247491639 -0.995359501661007
3.85284280936455 -1.00444689010286
3.88294314381271 -1.01353427854471
3.91304347826087 -1.02262166698657
3.94314381270903 -1.03170905542842
3.97324414715719 -1.04079644387028
4.00334448160535 -1.04321022721348
4.03344481605351 -0.992235169767528
4.06354515050167 -0.941260112321573
4.09364548494983 -0.890285054875616
4.12374581939799 -0.83930999742966
4.15384615384615 -0.788334939983704
4.18394648829431 -0.737359882537747
4.21404682274247 -0.686384825091792
4.24414715719064 -0.635409767645836
4.2742474916388 -0.58443471019988
4.30434782608696 -0.533459652753923
4.33444816053512 -0.482484595307969
4.36454849498328 -0.431509537862012
4.39464882943144 -0.380534480416056
4.4247491638796 -0.3295594229701
4.45484949832776 -0.278584365524145
4.48494983277592 -0.227609308078188
4.51505016722408 -0.176634250632232
4.54515050167224 -0.125659193186276
4.5752508361204 -0.0746841357403193
4.60535117056856 -0.0237090782943645
4.63545150501672 0.0272659791515919
4.66555183946488 0.0782410365975483
4.69565217391304 0.129216094043505
4.7257525083612 0.180191151489459
4.75585284280936 0.231166208935416
4.78595317725753 0.282141266381372
4.81605351170569 0.333116323827328
4.84615384615385 0.384091381273285
4.87625418060201 0.43506643871924
4.90635451505017 0.486041496165196
4.93645484949833 0.537016553611152
4.96655518394649 0.587991611057109
4.99665551839465 0.638966668503063
5.02675585284281 0.646496956427111
5.05685618729097 0.64859664816092
5.08695652173913 0.650696339894728
5.11705685618729 0.652796031628537
5.14715719063545 0.654895723362345
5.17725752508361 0.656995415096154
5.20735785953177 0.659095106829963
5.23745819397993 0.661194798563771
5.26755852842809 0.66329449029758
5.29765886287625 0.665394182031388
5.32775919732441 0.667493873765197
5.35785953177258 0.669593565499005
5.38795986622074 0.671693257232814
5.4180602006689 0.673792948966623
5.44816053511706 0.675892640700431
5.47826086956522 0.67799233243424
5.50836120401338 0.680092024168048
5.53846153846154 0.682191715901857
5.5685618729097 0.684291407635665
5.59866220735786 0.686391099369474
5.62876254180602 0.688490791103283
5.65886287625418 0.690590482837091
5.68896321070234 0.6926901745709
5.7190635451505 0.694789866304708
5.74916387959866 0.696889558038517
5.77926421404682 0.698989249772325
5.80936454849498 0.701088941506134
5.83946488294314 0.703188633239943
5.8695652173913 0.705288324973751
5.89966555183947 0.70738801670756
5.92976588628763 0.709487708441368
5.95986622073579 0.711587400175177
5.98996655518395 0.713687091908986
6.02006688963211 0.723297294481915
6.05016722408027 0.736662752474404
6.08026755852843 0.750028210466893
6.11036789297659 0.763393668459382
6.14046822742475 0.776759126451872
6.17056856187291 0.790124584444361
6.20066889632107 0.80349004243685
6.23076923076923 0.816855500429339
6.26086956521739 0.830220958421829
6.29096989966555 0.843586416414318
6.32107023411371 0.856951874406807
6.35117056856187 0.870317332399296
6.38127090301003 0.883682790391785
6.41137123745819 0.897048248384275
6.44147157190636 0.910413706376764
6.47157190635451 0.923779164369253
6.50167224080268 0.937144622361742
6.53177257525084 0.950510080354231
6.561872909699 0.963875538346721
6.59197324414716 0.97724099633921
6.62207357859532 0.990606454331699
6.65217391304348 1.00397191232419
6.68227424749164 1.01733737031668
6.7123745819398 1.03070282830917
6.74247491638796 1.04406828630166
6.77257525083612 1.05743374429415
6.80267558528428 1.07079920228663
6.83277591973244 1.08416466027912
6.8628762541806 1.09753011827161
6.89297658862876 1.1108955762641
6.92307692307692 1.12426103425659
6.95317725752508 1.13762649224908
6.98327759197324 1.15099195024157
7.0133779264214 1.13631565132325
7.04347826086957 1.08658715626643
7.07357859531773 1.0368586612096
7.10367892976589 0.987130166152779
7.13377926421405 0.937401671095956
7.16387959866221 0.887673176039131
7.19397993311037 0.837944680982306
7.22408026755853 0.788216185925481
7.25418060200669 0.738487690868658
7.28428093645485 0.688759195811834
7.31438127090301 0.639030700755009
7.34448160535117 0.589302205698184
7.37458193979933 0.539573710641361
7.40468227424749 0.489845215584536
7.43478260869565 0.440116720527712
7.46488294314381 0.390388225470887
7.49498327759197 0.340659730414062
7.52508361204013 0.290931235357239
7.55518394648829 0.241202740300415
7.58528428093646 0.19147424524359
7.61538461538462 0.141745750186765
7.64548494983278 0.0920172551299421
7.67558528428094 0.0422887600731174
7.7056856187291 -0.00743973498370742
7.73578595317726 -0.0571682300405321
7.76588628762542 -0.106896725097357
7.79598662207358 -0.15662522015418
7.82608695652174 -0.206353715211004
7.8561872909699 -0.256082210267829
7.88628762541806 -0.305810705324654
7.91638795986622 -0.355539200381477
7.94648829431438 -0.405267695438302
7.97658862876254 -0.454996190495127
8.0066889632107 -0.494791846698863
8.03678929765886 -0.499822566916794
8.06688963210702 -0.504853287134726
8.09698996655518 -0.509884007352657
8.12709030100334 -0.514914727570588
8.1571906354515 -0.519945447788519
8.18729096989967 -0.52497616800645
8.21739130434783 -0.530006888224382
8.24749163879599 -0.535037608442313
8.27759197324415 -0.540068328660244
8.30769230769231 -0.545099048878176
8.33779264214047 -0.550129769096107
8.36789297658863 -0.555160489314038
8.39799331103679 -0.560191209531969
8.42809364548495 -0.5652219297499
8.45819397993311 -0.570252649967832
8.48829431438127 -0.575283370185763
8.51839464882943 -0.580314090403694
8.54849498327759 -0.585344810621626
8.57859531772575 -0.590375530839557
8.60869565217391 -0.595406251057488
8.63879598662207 -0.600436971275419
8.66889632107023 -0.60546769149335
8.69899665551839 -0.610498411711282
8.72909698996656 -0.615529131929213
8.75919732441472 -0.620559852147144
8.78929765886288 -0.625590572365076
8.81939799331104 -0.630621292583007
8.8494983277592 -0.635652012800938
8.87959866220736 -0.640682733018869
8.90969899665552 -0.645713453236801
8.93979933110368 -0.650744173454732
8.96989966555184 -0.655774893672663
9 -0.660805613890594
