0 0
0.0301003344481605 0.0253285580711407
0.0602006688963211 0.0506571161422814
0.0903010033444816 0.0759856742134221
0.120401337792642 0.101314232284563
0.150501672240803 0.126642790355703
0.180602006688963 0.151971348426844
0.210702341137124 0.177299906497985
0.240802675585284 0.202628464569126
0.270903010033445 0.227957022640266
0.301003344481605 0.253285580711407
0.331103678929766 0.278614138782548
0.361204013377926 0.303942696853688
0.391304347826087 0.329271254924829
0.421404682274247 0.35459981299597
0.451505016722408 0.37992837106711
0.481605351170569 0.405256929138251
0.511705685618729 0.430585487209392
0.54180602006689 0.455914045280533
0.57190635451505 0.481242603351673
0.602006688963211 0.506571161422814
0.632107023411371 0.531899719493955
0.662207357859532 0.557228277565095
0.692307692307692 0.582556835636236
0.722408026755853 0.607885393707377
0.752508361204013 0.633213951778517
0.782608695652174 0.658542509849658
0.812709030100334 0.683871067920799
0.842809364548495 0.70919962599194
0.872909698996655 0.73452818406308
0.903010033444816 0.759856742134221
0.933110367892977 0.785185300205362
0.963210702341137 0.810513858276502
0.993311036789298 0.835842416347643
1.02341137123746 0.862657535194744
1.05351170568562 0.888516659560162
1.08361204013378 0.912822467027129
1.11371237458194 0.935574957595645
1.1438127090301 0.95677413126571
1.17391304347826 0.976419988037323
1.20401337792642 0.994512527910484
1.23411371237458 1.01105175088519
1.26421404682274 1.02603765696145
1.2943143812709 1.03947024613926
1.32441471571906 1.05134951841862
1.35451505016722 1.06167547379952
1.38461538461538 1.07044811228197
1.41471571906355 1.07766743386598
1.44481605351171 1.08333343855153
1.47491638795987 1.08744612633863
1.50501672240803 1.09000549722727
1.53511705685619 1.09101155121747
1.56521739130435 1.09046428830922
1.59531772575251 1.08836370850251
1.62541806020067 1.08470981179735
1.65551839464883 1.07950259819374
1.68561872909699 1.07274206769168
1.71571906354515 1.06442822029117
1.74581939799331 1.05456105599221
1.77591973244147 1.04314057479479
1.80602006688963 1.03016677669893
1.83612040133779 1.01563966170461
1.86622073578595 0.999559229811843
1.89632107023411 0.981925481020622
1.92642140468227 0.962738415330951
1.95652173913043 0.941998032742829
1.9866220735786 0.919704333256254
2.01672240802676 0.896102956441764
2.04682274247492 0.872382797820744
2.07692307692308 0.848701066718336
2.10702341137124 0.825057763134542
2.1371237458194 0.80145288706936
2.16722408026756 0.777886438522792
2.19732441471572 0.754358417494836
2.22742474916388 0.730868823985493
2.25752508361204 0.707417657994763
2.2876254180602 0.684004919522645
2.31772575250836 0.660630608569141
2.34782608695652 0.637294725134249
2.37792642140468 0.613997269217971
2.40802675585284 0.590738240820305
2.438127090301 0.567517639941252
2.46822742474916 0.544335466580812
2.49832775919732 0.521191720738985
2.52842809364549 0.49808640241577
2.55852842809365 0.475019511611169
2.58862876254181 0.45199104832518
2.61872909698997 0.429001012557804
2.64882943143813 0.406049404309041
2.67892976588629 0.383136223578891
2.70903010033445 0.360261470367354
2.73913043478261 0.337425144674429
2.76923076923077 0.314627246500118
2.79933110367893 0.291867775844419
2.82943143812709 0.269146732707333
2.85953177257525 0.24646411708886
2.88963210702341 0.223819928989
2.91973244147157 0.201214168407753
2.94983277591973 0.178646835345118
2.97993311036789 0.156117929801097
3.01003344481605 0.1336101206118
3.04013377926421 0.110898102646694
3.07023411371237 0.0879125512502269
3.10033444816054 0.0646534664224
3.1304347826087 0.0411208481632127
3.16053511705686 0.0173146964726656
3.19063545150502 -0.00676498864924203
3.22073578595318 -0.0311182072025098
3.25083612040134 -0.0557449591871374
3.2809364548495 -0.0806452446031255
3.31103678929766 -0.105819063450473
3.34113712374582 -0.131266415729182
3.37123745819398 -0.15698730143925
3.40133779264214 -0.182981720580679
3.4314381270903 -0.209249673153467
3.46153846153846 -0.235791159157616
3.49163879598662 -0.262606178593125
3.52173913043478 -0.289694731459994
3.55183946488294 -0.317056817758224
3.5819397993311 -0.344692437487813
3.61204013377926 -0.372601590648763
3.64214046822742 -0.400784277241072
3.67224080267559 -0.429240497264742
3.70234113712375 -0.457970250719772
3.73244147157191 -0.486973537606162
3.76254180602007 -0.516250357923912
3.79264214046823 -0.545800711673023
3.82274247491639 -0.575624598853493
3.85284280936455 -0.605722019465324
3.88294314381271 -0.636092973508515
3.91304347826087 -0.666737460983066
3.94314381270903 -0.697655481888978
3.97324414715719 -0.728847036226249
4.00334448160535 -0.760300964120134
4.03344481605351 -0.790934757720183
4.06354515050167 -0.820034185042593
4.09364548494983 -0.847599246087367
4.12374581939799 -0.873629940854503
4.15384615384615 -0.898126269344002
4.18394648829431 -0.921088231555864
4.21404682274247 -0.942515827490087
4.24414715719064 -0.962409057146674
4.2742474916388 -0.980767920525623
4.30434782608696 -0.997592417626934
4.33444816053512 -1.01288254845061
4.36454849498328 -1.02663831299664
4.39464882943144 -1.03885971126504
4.4247491638796 -1.04954674325581
4.45484949832776 -1.05869940896893
4.48494983277592 -1.06631770840442
4.51505016722408 -1.07240164156226
4.54515050167224 -1.07695120844248
4.5752508361204 -1.07996640904505
4.60535117056856 -1.08144724336999
4.63545150501672 -1.08139371141729
4.66555183946488 -1.07980581318695
4.69565217391304 -1.07668354867897
4.7257525083612 -1.07202691789336
4.75585284280936 -1.06583592083011
4.78595317725753 -1.05811055748922
4.81605351170569 -1.0488508278707
4.84615384615385 -1.03805673197453
4.87625418060201 -1.02572826980073
4.90635451505017 -1.01186544134929
4.93645484949833 -0.996468246620218
4.96655518394649 -0.979536685613505
4.99665551839465 -0.961070758329155
5.02675585284281 -0.941651665697226
5.05685618729097 -0.922160290377339
5.08695652173913 -0.902605713634027
5.11705685618729 -0.882987935467289
5.14715719063545 -0.863306955877125
5.17725752508361 -0.843562774863535
5.20735785953177 -0.82375539242652
5.23745819397993 -0.803884808566079
5.26755852842809 -0.783951023282213
5.29765886287625 -0.763954036574921
5.32775919732441 -0.743893848444203
5.35785953177258 -0.723770458890059
5.38795986622074 -0.703583867912491
5.4180602006689 -0.683334075511496
5.44816053511706 -0.663021081687075
5.47826086956522 -0.642644886439229
5.50836120401338 -0.622205489767957
5.53846153846154 -0.60170289167326
5.5685618729097 -0.581137092155136
5.59866220735786 -0.560508091213587
5.62876254180602 -0.539815888848612
5.65886287625418 -0.519060485060213
5.68896321070234 -0.498241879848386
5.7190635451505 -0.477360073213135
5.74916387959866 -0.456415065154457
5.77926421404682 -0.435406855672355
5.80936454849498 -0.414335444766826
5.83946488294314 -0.393200832437871
5.8695652173913 -0.372003018685491
5.89966555183947 -0.350742003509685
5.92976588628763 -0.329417786910455
5.95986622073579 -0.308030368887797
5.98996655518395 -0.286579749441715
6.02006688963211 -0.264990572276161
6.05016722408027 -0.243017929428993
6.08026755852843 -0.220642981826198
6.11036789297659 -0.197865729467775
6.14046822742475 -0.174686172353726
6.17056856187291 -0.15110431048405
6.20066889632107 -0.127120143858748
6.23076923076923 -0.102733672477819
6.26086956521739 -0.0779448963412626
6.29096989966555 -0.0527538154490796
6.32107023411371 -0.0271604298012706
6.35117056856187 -0.00116473939783414
6.38127090301003 0.0252332557612292
6.41137123745819 0.0520335556759192
6.44147157190636 0.079236160346236
6.47157190635451 0.106841069772179
6.50167224080268 0.134848283953749
6.53177257525084 0.163257802890946
6.561872909699 0.19206962658377
6.59197324414716 0.22128375503222
6.62207357859532 0.250900188236297
6.65217391304348 0.280918926196002
6.68227424749164 0.311339968911333
6.7123745819398 0.342163316382289
6.74247491638796 0.373388968608874
6.77257525083612 0.405016925591085
6.80267558528428 0.437047187328923
6.83277591973244 0.469479753822388
6.8628762541806 0.502314625071479
6.89297658862876 0.535551801076197
6.92307692307692 0.569191281836542
6.95317725752508 0.603233067352514
6.98327759197324 0.637677157624112
7.0133779264214 0.672335982370997
7.04347826086957 0.705791041348099
7.07357859531773 0.737749255992388
7.10367892976589 0.768210626303862
7.13377926421405 0.797175152282521
7.16387959866221 0.824642833928367
7.19397993311037 0.850613671241399
7.22408026755853 0.875087664221617
7.25418060200669 0.89806481286902
7.28428093645485 0.919545117183609
7.31438127090301 0.939528577165385
7.34448160535117 0.958015192814346
7.37458193979933 0.975004964130492
7.40468227424749 0.990497891113825
7.43478260869565 1.00449397376434
7.46488294314381 1.01699321208205
7.49498327759197 1.02799560606694
7.52508361204013 1.03750115571902
7.55518394648829 1.04550986103828
7.58528428093646 1.05202172202473
7.61538461538462 1.05703673867836
7.64548494983278 1.06055491099918
7.67558528428094 1.06257623898719
7.7056856187291 1.06310072264238
7.73578595317726 1.06212836196476
7.76588628762542 1.05965915695432
7.79598662207358 1.05569310761107
7.82608695652174 1.050230213935
7.8561872909699 1.04327047592613
7.88628762541806 1.03481389358443
7.91638795986622 1.02486046690993
7.94648829431438 1.0134101959026
7.97658862876254 1.00046308056247
8.0066889632107 0.986052341086353
8.03678929765886 0.971083227837957
8.06688963210702 0.955962688228486
8.09698996655518 0.94069072225794
8.12709030100334 0.92526732992632
8.1571906354515 0.909692511233624
8.18729096989967 0.893966266179854
8.21739130434783 0.878088594765008
8.24749163879599 0.862059496989088
8.27759197324415 0.845878972852093
8.30769230769231 0.829547022354023
8.33779264214047 0.813063645494878
8.36789297658863 0.796428842274658
8.39799331103679 0.779642612693365
8.42809364548495 0.762704956750995
8.45819397993311 0.745615874447551
8.48829431438127 0.728375365783032
8.51839464882943 0.710983430757438
8.54849498327759 0.693440069370769
8.57859531772575 0.675745281623025
8.60869565217391 0.657899067514207
8.63879598662207 0.639901427044315
8.66889632107023 0.621752360213346
8.69899665551839 0.603451867021303
8.72909698996656 0.584999947468185
8.75919732441472 0.566396601553993
8.78929765886288 0.547641829278725
8.81939799331104 0.528735630642382
8.8494983277592 0.509678005644965
8.87959866220736 0.490468954286473
8.90969899665552 0.471108476566907
8.93979933110368 0.451596572486265
8.96989966555184 0.431933242044548
9 0.412118485241757
