------We have the symmetric matrix A------

     0,383      0,871      0,661     0,0523      0,366 
     0,871      0,676     0,0424      0,954      0,844 
     0,661     0,0424      0,855      0,449      0,932 
    0,0523      0,954      0,449      0,445      0,111 
     0,366      0,844      0,932      0,111      0,882 
-------- PART A - TESTING JACOBI ALGORITHM ---------
Is V^T A V = D? True
Is V D V^T = A? True
Is V^T V = 1? True
Is V V^T = 1? True

      7,78      -5,56          0          0          0          0          0          0          0          0          0          0          0          0          0 
     -5,56       9,44      -5,56          0          0          0          0          0          0          0          0          0          0          0          0 
         0      -5,56         10      -5,56          0          0          0          0          0          0          0          0          0          0          0 
         0          0      -5,56       10,3      -5,56          0          0          0          0          0          0          0          0          0          0 
         0          0          0      -5,56       10,4      -5,56          0          0          0          0          0          0          0          0          0 
         0          0          0          0      -5,56       10,6      -5,56          0          0          0          0          0          0          0          0 
         0          0          0          0          0      -5,56       10,6      -5,56          0          0          0          0          0          0          0 
         0          0          0          0          0          0      -5,56       10,7      -5,56          0          0          0          0          0          0 
         0          0          0          0          0          0          0      -5,56       10,7      -5,56          0          0          0          0          0 
         0          0          0          0          0          0          0          0      -5,56       10,8      -5,56          0          0          0          0 
         0          0          0          0          0          0          0          0          0      -5,56       10,8      -5,56          0          0          0 
         0          0          0          0          0          0          0          0          0          0      -5,56       10,8      -5,56          0          0 
         0          0          0          0          0          0          0          0          0          0          0      -5,56       10,9      -5,56          0 
         0          0          0          0          0          0          0          0          0          0          0          0      -5,56       10,9      -5,56 
         0          0          0          0          0          0          0          0          0          0          0          0          0      -5,56       10,9 
