-3.14159265358979 -1.22464679914735E-16
-2.92493109127326 -0.214970440211024
-2.70826952895672 -0.419889101560265
-2.49160796664018 -0.605174215193765
-2.27494640432364 -0.762162055127636
-2.05828484200711 -0.883512044446023
-1.84162327969057 -0.963549992519223
-1.62496171737403 -0.998533413851124
-1.40830015505749 -0.986826522541526
-1.19163859274096 -0.928976719816791
-0.974977030424419 -0.82768899815689
-0.758315468107881 -0.687699458853424
-0.541653905791343 -0.515553857177022
-0.324992343474806 -0.31930153013598
-0.108330781158269 -0.108119018423942
0.108330781158268 0.108119018423941
0.324992343474806 0.31930153013598
0.541653905791344 0.515553857177022
0.758315468107881 0.687699458853423
0.974977030424419 0.82768899815689
1.19163859274096 0.928976719816791
1.40830015505749 0.986826522541526
1.62496171737403 0.998533413851124
1.84162327969057 0.963549992519223
2.05828484200711 0.883512044446023
2.27494640432364 0.762162055127636
2.49160796664018 0.605174215193765
2.70826952895672 0.419889101560265
2.92493109127326 0.214970440211024
3.14159265358979 1.22464679914735E-16
