-3.14159265358979 0.0110654684359508
-2.92493109127326 -0.202920186100716
-2.70826952895672 -0.41086132290305
-2.49160796664018 -0.59978542451954
-2.27494640432364 -0.758886617022521
-2.05828484200711 -0.879973911948989
-1.84162327969057 -0.957608736013033
-1.62496171737403 -0.988999613214392
-1.40830015505749 -0.973744759257283
-1.19163859274096 -0.913512774212332
-0.974977030424419 -0.811732116918089
-0.758315468107881 -0.673329501949639
-0.541653905791343 -0.504524634253278
-0.324992343474806 -0.312661502568638
-0.108330781158269 -0.106039956919709
0.108330781158268 0.10629244099044
0.324992343474806 0.314820135812877
0.541653905791344 0.509925700433499
0.758315468107881 0.682335707797771
0.974977030424419 0.82361841051405
1.19163859274096 0.926688392980079
1.40830015505749 0.986263949005884
1.62496171737403 0.999222604777623
1.84162327969057 0.964808926723243
2.05828484200711 0.884664985638687
2.27494640432364 0.762674865285186
2.49160796664018 0.604636993483961
2.70826952895672 0.417798335347349
2.92493109127326 0.210299612144179
3.14159265358979 -0.00941255257416485
