-3.14159265358979 1.45650259594618
-2.92493109127326 1.36683417408469
-2.70826952895672 1.18412402183103
-2.49160796664018 0.94082595848427
-2.27494640432364 0.669956906051514
-2.05828484200711 0.399594311050082
-1.84162327969057 0.149415212295136
-1.62496171737403 -0.070345891114538
-1.40830015505749 -0.25774381211849
-1.19163859274096 -0.41644292642754
-0.974977030424419 -0.552392658879053
-0.758315468107881 -0.670717802837444
-0.541653905791343 -0.773481053285842
-0.324992343474806 -0.858676428178538
-0.108330781158269 -0.920500462044319
0.108330781158268 -0.950686763215064
0.324992343474806 -0.940514788061823
0.541653905791344 -0.883026161330347
0.758315468107881 -0.774994088812145
0.974977030424419 -0.618275583965715
1.19163859274096 -0.420309915888959
1.40830015505749 -0.193685762238289
1.62496171737403 0.0451403593321392
1.84162327969057 0.277754008722906
2.05828484200711 0.486005269316103
2.27494640432364 0.654188656170843
2.49160796664018 0.770847159272291
2.70826952895672 0.829943266029552
2.92493109127326 0.831124834746638
3.14159265358979 0.770217141218779
