-3.14159265358979 1
-2.92493109127326 0.976620555710087
-2.70826952895672 0.907575419670957
-2.49160796664018 0.796093065705644
-2.27494640432364 0.647386284781828
-2.05828484200711 0.46840844069979
-1.84162327969057 0.267528338529221
-1.62496171737403 0.0541389085854175
-1.40830015505749 -0.161781996552765
-1.19163859274096 -0.370138155339914
-0.974977030424419 -0.561187065362382
-0.758315468107881 -0.725995491923131
-0.541653905791343 -0.856857176167589
-0.324992343474806 -0.947653171182803
-0.108330781158269 -0.99413795715436
0.108330781158268 -0.99413795715436
0.324992343474806 -0.947653171182802
0.541653905791344 -0.856857176167589
0.758315468107881 -0.725995491923131
0.974977030424419 -0.561187065362382
1.19163859274096 -0.370138155339914
1.40830015505749 -0.161781996552765
1.62496171737403 0.0541389085854168
1.84162327969057 0.26752833852922
2.05828484200711 0.46840844069979
2.27494640432364 0.647386284781828
2.49160796664018 0.796093065705644
2.70826952895672 0.907575419670957
2.92493109127326 0.976620555710087
3.14159265358979 1
