-3.14159265358979 -0.176500864042212
-2.92493109127326 0.131296594115175
-2.70826952895672 0.40904322715797
-2.49160796664018 0.640028191925687
-2.27494640432364 0.814746184462615
-2.05828484200711 0.930393531926247
-1.84162327969057 0.989380683361835
-1.62496171737403 0.997355804164854
-1.40830015505749 0.961249155435944
-1.19163859274096 0.887747522687962
-0.974977030424419 0.782435528595812
-0.758315468107881 0.649648128177845
-0.541653905791343 0.492911709896154
-0.324992343474806 0.315740208073868
-0.108330781158269 0.122509121720713
0.108330781158268 -0.0808501869372674
0.324992343474806 -0.286526424537231
0.541653905791344 -0.48497059428266
0.758315468107881 -0.66549931555193
0.974977030424419 -0.817263582359892
1.19163859274096 -0.93042088599201
1.40830015505749 -0.9973143620448
1.62496171737403 -1.01346336846767
1.84162327969057 -0.978203318460397
2.05828484200711 -0.894871593760917
2.27494640432364 -0.770510133351779
2.49160796664018 -0.615130950837281
2.70826952895672 -0.44065563251583
2.92493109127326 -0.259689137945798
3.14159265358979 -0.084787211289212
