-3.14159265358979 -0.979812746642156
-2.92493109127326 -0.984357294310544
-2.70826952895672 -0.925104960945535
-2.49160796664018 -0.810504296336411
-2.27494640432364 -0.651845996755616
-2.05828484200711 -0.461734739480527
-1.84162327969057 -0.25278477682175
-1.62496171737403 -0.0367002809445861
-1.40830015505749 0.176209734333654
-1.19163859274096 0.377133386096321
-0.974977030424419 0.558597085927489
-0.758315468107881 0.714198556133138
-0.541653905791343 0.838375083526457
-0.324992343474806 0.926310637353105
-0.108330781158269 0.974028929579928
0.108330781158268 0.978660543408441
0.324992343474806 0.93882302465271
0.541653905791344 0.855021482973232
0.758315468107881 0.729967455874062
0.974977030424419 0.56872504502799
1.19163859274096 0.378621778881101
1.40830015505749 0.168901106685174
1.62496171737403 -0.0498634846838796
1.84162327969057 -0.266533441929849
2.05828484200711 -0.4702607954282
2.27494640432364 -0.65133156279178
2.49160796664018 -0.801895891110093
2.70826952895672 -0.916501263959935
2.92493109127326 -0.992374567399344
3.14159265358979 -1.02945974468031
