-1 0.338884921468303
-0.931034482758621 0.344821193171477
-0.862068965517241 0.283295501085592
-0.793103448275862 0.149415134705667
-0.724137931034483 -0.0467023646513051
-0.655172413793103 -0.279663852423472
-0.586206896551724 -0.512712553808312
-0.517241379310345 -0.704964179262611
-0.448275862068966 -0.819937895918306
-0.379310344827586 -0.832979885218113
-0.310344827586207 -0.735751576109136
-0.241379310344828 -0.537139233363313
-0.172413793103448 -0.261114780696217
-0.103448275862069 0.0573029440602922
-0.0344827586206896 0.376930750498629
0.0344827586206897 0.655614840580794
0.103448275862069 0.855646671235087
0.172413793103448 0.949287058187021
0.241379310344828 0.923780738158436
0.310344827586207 0.784638236657415
0.379310344827586 0.555779507360146
0.448275862068966 0.275701608590936
0.517241379310345 -0.00995404310494952
0.586206896551724 -0.257715057989026
0.655172413793103 -0.434930100867895
0.724137931034483 -0.525347831969079
0.793103448275862 -0.530264521501831
0.862068965517241 -0.465391814571963
0.931034482758621 -0.354913848190132
1 -0.224829615953431
