-1 0.35322690848236
-0.931034482758621 0.34009218137826
-0.862068965517241 0.267745082460837
-0.793103448275862 0.133510663837404
-0.724137931034483 -0.0542030631948361
-0.655172413793103 -0.275237851106065
-0.586206896551724 -0.499437818012026
-0.517241379310345 -0.690859542838847
-0.448275862068966 -0.813883355305028
-0.379310344827586 -0.840125312064145
-0.310344827586207 -0.754709207104763
-0.241379310344828 -0.560439479059413
-0.172413793103448 -0.278760517364104
-0.103448275862069 0.0529595581800467
-0.0344827586206896 0.387467052590801
0.0344827586206897 0.675850900273945
0.103448275862069 0.876289664667589
0.172413793103448 0.961491727667635
0.241379310344828 0.923281112921636
0.310344827586207 0.773425180775212
0.379310344827586 0.540646977470296
0.448275862068966 0.264600574734688
0.517241379310345 -0.0117926375005578
0.586206896551724 -0.249985747368606
0.655172413793103 -0.421900400582088
0.724137931034483 -0.513417866139501
0.793103448275862 -0.524875010457678
0.862068965517241 -0.468851286676096
0.931034482758621 -0.366063513062009
1 -0.240462049968584
