0 0
0.02 0.0216369634177515
0.04 0.0446538199133852
0.06 0.0672836443249605
0.08 0.0898562518746153
0.1 0.112189959562459
0.2 0.222577820708969
0.3 0.328542755071584
0.4 0.428293998809182
0.5 0.520446270729196
0.6 0.603751589158176
0.7 0.677704448871446
0.8 0.741954017348927
0.9 0.796619373890096
1 0.845126473937957
1.1 0.880995908311594
1.2 0.910845929954085
1.3 0.934374168567093
1.4 0.95251522704329
1.5 0.966241360864473
1.6 0.97642184695998
1.7 0.983823199457005
1.8 0.989097538558918
1.9 0.992781667066453
2 0.995304038098382
