1 120.065906534842
1.14141414141414 117.203549166259
1.28282828282828 114.409430067323
1.42424242424242 111.681922445553
1.56565656565657 109.019438291012
1.70707070707071 106.420427451741
1.84848484848485 103.88337673122
1.98989898989899 101.406809007362
2.13131313131313 98.9892823725012
2.27272727272727 96.6293892938824
2.41414141414141 94.3257557941699
2.55555555555556 92.0770406514892
2.6969696969697 89.8819346185404
2.83838383838384 87.7391596603285
2.97979797979798 85.6474682100655
3.12121212121212 83.6056424428115
3.26262626262626 81.612493566433
3.4040404040404 79.6668611294638
3.54545454545455 77.7676123454668
3.68686868686869 75.9136414335032
3.82828282828283 74.1038689743239
3.96969696969697 72.3372412819107
4.11111111111111 70.6127297899981
4.25252525252525 68.9293304532222
4.39393939393939 67.2860631625445
4.53535353535353 65.6819711746133
4.67676767676768 64.1161205547277
4.81818181818182 62.5875996330828
4.95959595959596 61.0955184739764
5.1010101010101 59.6390083576709
5.24242424242424 58.2172212746074
5.38383838383838 56.8293294316766
5.52525252525253 55.4745247702619
5.66666666666667 54.1520184957708
5.80808080808081 52.8610406183829
5.94949494949495 51.6008395047464
6.09090909090909 50.3706814403619
6.23232323232323 49.1698502023991
6.37373737373737 47.9976466426973
6.51515151515151 46.8533882807077
6.65656565656566 45.7364089061386
6.7979797979798 44.6460581910752
6.93939393939394 43.5817013113449
7.08080808080808 42.5427185769106
7.22222222222222 41.5285050710739
7.36363636363636 40.5384702982808
7.50505050505051 39.5720378403233
7.64646464646465 38.628645020737
7.78787878787879 37.7077425771995
7.92929292929293 36.8087943417389
8.07070707070707 35.9312769285659
8.21212121212121 35.074679429348
8.35353535353535 34.2385031157486
8.49494949494949 33.422261149057
8.63636363636364 32.6254782967412
8.77777777777778 31.8476906557583
8.91919191919192 31.0884453824599
9.06060606060606 30.3473004289385
9.2020202020202 29.6238242856575
9.34343434343434 28.9175957302178
9.48484848484848 28.228203582114
9.62626262626263 27.5552464633362
9.76767676767677 26.8983325646804
9.90909090909091 26.2570794176285
10.0505050505051 25.631113671668
10.1919191919192 25.0200708769193
10.3333333333333 24.4235952719462
10.4747474747475 23.8413395766239
10.6161616161616 23.2729647899459
10.7575757575758 22.7181399926506
10.8989898989899 22.1765421545533
11.040404040404 21.6478559464718
11.1818181818182 21.1317735566352
11.3232323232323 20.6279945114696
11.4646464646465 20.1362255006567
11.6060606060606 19.6561802063623
11.7474747474747 19.1875791365361
11.8888888888889 18.7301494621864
12.030303030303 18.2836248585331
12.1717171717172 17.847745349948
12.3131313131313 17.4222571585922
12.4545454545455 17.0069125566608
12.5959595959596 16.6014697221516
12.7373737373737 16.2056925980709
12.8787878787879 15.8193507549964
13.020202020202 15.4422192569169
13.1616161616162 15.0740785302695
13.3030303030303 14.7147142361
13.4444444444444 14.36391714527
13.5858585858586 14.0214830166396
13.7272727272727 13.6872124781542
13.8686868686869 13.360910910766
14.010101010101 13.0423883351228
14.1515151515152 12.7314593009584
14.2929292929293 12.4279427791193
14.4343434343434 12.1316620561664
14.5757575757576 11.8424446314885
14.7171717171717 11.5601221168691
14.8585858585859 11.2845301384473
15 11.0155082410163
