1 125.286030185051
1.14141414141414 122.423060961847
1.28282828282828 119.625514777116
1.42424242424242 116.891896618643
1.56565656565657 114.22074563743
1.70707070707071 111.610634367016
1.84848484848485 109.06016796064
1.98989898989899 106.567983445834
2.13131313131313 104.132748996041
2.27272727272727 101.753163218896
2.41414141414141 99.4279544607517
2.55555555555556 97.1558801271101
2.6969696969697 94.9357260185761
2.83838383838384 92.7663056819888
2.97979797979798 90.6464597763788
3.12121212121212 88.5750554534157
3.26262626262626 86.5509857520116
3.4040404040404 84.5731690067607
3.54545454545455 82.6405482698949
3.68686868686869 80.7520907464505
3.82828282828283 78.9067872423406
3.96969696969697 77.1036516250408
4.11111111111111 75.3417202965989
4.25252525252525 73.6200516786864
4.39393939393939 71.9377257094185
4.53535353535353 70.2938433516713
4.67676767676768 68.6875261126357
4.81818181818182 67.1179155743493
4.95959595959596 65.5841729349571
5.1010101010101 64.0854785604545
5.24242424242424 62.6210315466741
5.38383838383838 61.190049291281
5.52525252525253 59.79176707555
5.66666666666667 58.425437655698
5.80808080808081 57.0903308635565
5.94949494949495 55.7857332163687
6.09090909090909 54.5109475355034
6.23232323232323 53.265292573882
6.37373737373737 52.048102651919
6.51515151515151 50.8587273017819
6.65656565656566 49.6965309197808
6.7979797979798 48.5608924267006
6.93939393939394 47.4512049358955
7.08080808080808 46.3668754289682
7.22222222222222 45.3073244388601
7.36363636363636 44.2719857401831
7.50505050505051 43.2603060466285
7.64646464646465 42.2717447152896
7.78787878787879 41.3057734577418
7.92929292929293 40.3618760577244
8.07070707070707 39.4395480952742
8.21212121212121 38.5382966771625
8.35353535353535 37.6576401734927
8.49494949494949 36.7971079603164
8.63636363636364 35.9562401681315
8.77777777777778 35.1345874361273
8.91919191919192 34.3317106720456
9.06060606060606 33.5471808175291
9.2020202020202 32.7805786188323
9.34343434343434 32.0314944027714
9.48484848484848 31.2995278577949
9.62626262626263 30.5842878200561
9.76767676767677 29.8853920643752
9.90909090909091 29.2024670999771
10.0505050505051 28.535147970898
10.1919191919192 27.8830780609519
10.3333333333333 27.2459089031551
10.4747474747475 26.6232999935045
10.6161616161616 26.0149186090121
10.7575757575758 25.4204396298972
10.8989898989899 24.8395453658422
11.040404040404 24.2719253862183
11.1818181818182 23.7172763541912
11.3232323232323 23.1753018646173
11.4646464646465 22.6457122856445
11.6060606060606 22.1282246039327
11.7474747474747 21.6225622734108
11.8888888888889 21.1284550674904
12.030303030303 20.6456389346563
12.1717171717172 20.173855857357
12.3131313131313 19.7128537141199
12.4545454545455 19.2623861448171
12.5959595959596 18.8222124190104
12.7373737373737 18.3920973073044
12.8787878787879 17.97181095564
13.020202020202 17.5611287624597
13.1616161616162 17.1598312586807
13.3030303030303 16.7677039904097
13.4444444444444 16.384537404339
13.5858585858586 16.0101267357611
13.7272727272727 15.6442718991414
13.8686868686869 15.2867773811929
14.010101010101 14.9374521363935
14.1515151515152 14.5961094848911
14.2929292929293 14.2625670127412
14.4343434343434 13.9366464744253
14.5757575757576 13.618173697596
14.7171717171717 13.3069784899988
14.8585858585859 13.0028945485215
15 12.7057593703216
