1 115.063282719876
1.14141414141414 112.206571451835
1.28282828282828 109.420784627074
1.42424242424242 106.704161382776
1.56565656565657 104.0549845736
1.70707070707071 101.4715796863
1.84848484848485 98.9523137812809
1.98989898989899 96.495594460436
2.13131313131313 94.0998688606147
2.27272727272727 91.7636226720736
2.41414141414141 89.4853791812999
2.55555555555556 87.2636983375982
2.6969696969697 85.0971758428518
2.83838383838384 82.984442263882
2.97979797979798 80.9241621668462
3.12121212121212 78.9150332731256
3.26262626262626 76.9557856361706
3.4040404040404 75.0451808387825
3.54545454545455 73.1820112103244
3.68686868686869 71.3650990633676
3.82828282828283 69.5932959492888
3.96969696969697 67.8654819323493
4.11111111111111 66.1805648817973
4.25252525252525 64.5374797815447
4.39393939393939 62.9351880569833
4.53535353535353 61.3726769185136
4.67676767676768 59.8489587213732
4.81818181818182 58.3630703413578
4.95959595959596 56.9140725660419
5.1010101010101 55.5010495011137
5.24242424242424 54.1231079914494
5.38383838383838 52.7793770565602
5.52525252525253 51.469007340056
5.66666666666667 50.1911705727773
5.80808080808081 48.9450590492559
5.94949494949495 47.729885117174
6.09090909090909 46.5448806794986
6.23232323232323 45.3892967089763
6.37373737373737 44.2624027746821
6.51515151515151 43.1634865803227
6.65656565656566 42.0918535140026
6.7979797979798 41.0468262091677
6.93939393939394 40.0277441164507
7.08080808080808 39.0339630861447
7.22222222222222 38.0648549610448
7.36363636363636 37.1198071793966
7.50505050505051 36.1982223877036
7.64646464646465 35.2995180631471
7.78787878787879 34.4231261453802
7.92929292929293 33.568492677464
8.07070707070707 32.7350774557174
8.21212121212121 31.9223536882613
8.35353535353535 31.1298076620397
8.49494949494949 30.3569384181071
8.63636363636364 29.6032574349791
8.77777777777778 28.8682883198434
8.91919191919192 28.1515665074375
9.06060606060606 27.4526389664025
9.2020202020202 26.7710639129277
9.34343434343434 26.1064105315036
9.48484848484848 25.4582587026094
9.62626262626263 24.8261987371597
9.76767676767677 24.2098311175452
9.90909090909091 23.6087662451024
10.0505050505051 23.0226241938528
10.1919191919192 22.4510344703562
10.3333333333333 21.8936357795263
10.4747474747475 21.3500757962601
10.6161616161616 20.8200109427377
10.7575757575758 20.3031061712507
10.8989898989899 19.7990347524224
11.040404040404 19.3074780686861
11.1818181818182 18.828125412891
11.3232323232323 18.3606737919074
11.4646464646465 17.9048277351086
11.6060606060606 17.4602991076077
11.7474747474747 17.0268069281301
11.8888888888889 16.6040771914098
12.030303030303 16.1918426949926
12.1717171717172 15.7898428703418
12.3131313131313 15.397823618135
12.4545454545455 15.0155371476514
12.5959595959596 14.6427418201461
12.7373737373737 14.2792019961132
12.8787878787879 13.9246878863407
13.020202020202 13.5789754066636
13.1616161616162 13.241846036323
13.3030303030303 12.9130866798416
13.4444444444444 12.5924895323283
13.5858585858586 12.2798519481281
13.7272727272727 11.974976312731
13.8686868686869 11.6776699178631
14.010101010101 11.3877448396777
14.1515151515152 11.1050178199708
14.2929292929293 10.8293101503457
14.4343434343434 10.5604475592538
14.5757575757576 10.2982601018393
14.7171717171717 10.0425820525196
14.8585858585859 9.79325180023132
15 9.5501117462786
