1 0
0.998951049367298 0.00998984349067599
0.996560650764888 0.0299057917988367
0.990621110000894 0.0694569611463853
0.975700298741084 0.141232459439341
0.944846254615303 0.243224117139111
0.891144731551527 0.365909231604004
0.810141530966278 0.496579171842975
0.700860817212174 0.62272885806332
0.565433496959505 0.733820124968314
0.408152296724414 0.821806776340488
0.234574132331318 0.880996190428338
0.0508970264780142 0.907677851541164
-0.136396446527453 0.899755651304453
-0.32071607071015 0.85648123845042
-0.49545102153883 0.778309177879233
-0.654037661225211 0.666859499196613
-0.790059101949141 0.524957939498874
-0.897411476259851 0.356715787605161
-0.970556963904908 0.167604231745573
-1.00486640668117 -0.0355278170659487
-0.997032688608176 -0.244545326808237
-0.945510760649221 -0.450274257686658
-0.850915801999986 -0.6429306043953
-0.716295452796312 -0.812724287376895
-0.547194201343307 -0.950588183195672
-0.351453424567081 -1.04894170500887
-0.138737166271064 -1.10237335948169
0.0801697753449116 -1.10812902935915
0.294195602739843 -1.06632490706161
0.492824985699466 -0.979857378295497
0.666834242776874 -0.854040275207935
0.808831123946279 -0.696045802717941
0.913557736623133 -0.514248354218506
0.977961265575364 -0.317568720480312
1.00107254843951 -0.114895711017467
0.983752017326965 0.0853676792788423
0.928366364111831 0.275616756178039
0.838451497501691 0.449224086816489
0.71840313187671 0.600608953236825
0.573220313414181 0.72522917093709
0.40831250198112 0.819528396986546
0.229369023063497 0.880868978280281
0.0422810377627977 0.907475005371547
-0.146899849648846 0.898403888251047
-0.331986358091749 0.853558044768506
-0.50668647714673 0.773741136611443
-0.664664947357045 0.660755260974188
-0.799659346378621 0.517526138839028
-0.905671508307158 0.348232595908002
-0.977246919760088 0.158405432463353
-1.0098404442448 -0.0450485405894129
-1.00024601144094 -0.253945138523587
-0.947043072846133 -0.459085277994056
-0.85098932355503 -0.65070193696642
-0.715275882657927 -0.819077939839055
-0.545566447347483 -0.955278674976626
-0.349770395266391 -1.0519053255515
-0.137547855955232 -1.10375330384127
0.0803998982584346 -1.10826742924631
0.293155765033587 -1.06572070167362
0.490407342345022 -0.979097310028341
0.663150322615099 -0.853716260072302
0.804195096236503 -0.696673883692522
0.908441906474173 -0.516202425159694
0.972933596852093 -0.321037534782598
0.996727413721474 -0.119866175463221
0.991824515309971 -4.85853887196092E-16
