0 0
0.01 0.0099875
0.0216728136009169 0.0216078627653959
0.0345399829717975 0.0343609339811942
0.0482283346905114 0.047851751735949
0.0624736306336761 0.0617950029055039
0.0770995511969609 0.0759941185355785
0.0919932545922008 0.0903166035430037
0.107085104480735 0.104673433017206
0.12233391514184 0.119003982189321
0.137716896445272 0.133265711349838
0.153223050762879 0.14742735858906
0.16884893260418 0.161464538194227
0.18459596472241 0.175356923524719
0.20046875701494 0.1890864481702
0.216474062724144 0.202636150741535
0.232620135895424 0.21598942111762
0.248916339400299 0.229129493695756
0.265372907679228 0.242039089849407
0.282000802941398 0.254700147840716
0.298811624936694 0.267093601167887
0.315817547226977 0.279199180633002
0.333031260080155 0.290995224498879
0.350465903515185 0.302458487071163
0.368134974731758 0.313563940318918
0.386052192803593 0.324284566767746
0.404231300493191 0.334591145710186
0.422685778701306 0.344452039579546
0.441428443914666 0.353832993969025
0.460470894068013 0.362696974150311
0.479822765429978 0.371004073902071
0.499490765884358 0.378711549437046
0.519477463736085 0.385774051489688
0.539779843318779 0.392144149001549
0.560387696992886 0.397773250909121
0.581282011164452 0.402613025275435
0.602433612622105 0.406617369817065
0.62380243905363 0.409744889307379
0.645337827072879 0.411961684359229
0.666980108733122 0.413244086943497
0.688663547740231 0.413580861579981
0.710320289026164 0.41297440691979
0.731884683226716 0.411440673761539
0.753297231051264 0.409007809708343
0.774507526586172 0.405713828880651
0.795475887094931 0.401603774948677
0.816173693109713 0.396726855566466
0.836582704407711 0.391133912382182
0.856693719638498 0.384875426591644
0.876504932457015 0.378000109884797
0.896020256643664 0.370554027758089
0.91524779459702 0.362580150669078
0.934198537393395 0.354118216456593
0.95288532214572 0.345204798838887
0.971322033920789 0.335873498297037
0.989523019967611 0.326155194633542
1.00750267731617 0.316078320555773
1.02527517564807 0.305669131219407
1.04285428192335 0.29495195581543
1.06025325916508 0.283949424728225
1.07748481770104 0.272682670439594
1.09456110238494 0.26117150303554
1.11149370363769 0.249434562552865
1.12829368355587 0.237489450968051
1.14497161093512 0.225352846717667
1.16153760098858 0.213040604468422
1.17800135694744 0.200567842563981
1.19437221173448 0.187949020246648
1.21065916860615 0.175198006430458
1.22687094014452 0.162328141510589
1.24301598530838 0.149352293441439
1.25910254447079 0.136282909103472
1.27513867250963 0.123132061804553
1.29113227010531 0.109911495620534
1.30709111345087 0.0966326671676848
1.32302288260774 0.0833067853114262
1.33893518875382 0.0699448492478266
1.35483560057441 0.0565576853428831
1.37073167004596 0.0431559830770564
1.38663095785924 0.0297503304166085
1.40254105872495 0.0163512489173993
1.41846962680097 0.00296922885975281
1.43442440147865 -0.0103852352859409
1.4504132337636 -0.0237016087544366
1.46644411348677 -0.0369692794167343
1.48252519758164 -0.0501775193976958
1.49866483966339 -0.0633154449977809
1.5148716211446 -0.0763719744940024
1.5311543841168 -0.0893357833419748
1.54752226621592 -0.102195256235427
1.56398473766794 -0.114938435399864
1.58055164067306 -0.127552964400987
1.59723323122405 -0.140026026633513
1.61404022335493 -0.152344277519642
1.63098383566304 -0.164493769286131
1.64807583971546 -0.176459867003058
1.66532860960505 -0.188227154355929
1.68275517141197 -0.199779327389
1.70036925058287 -0.211099074211261
1.71818531416212 -0.222167938417692
1.73621860325986 -0.232966163786644
1.75448514893129 -0.24347251773983
1.7730017615164 -0.25366409121675
1.79178597912665 -0.263516073224932
1.8108559549735 -0.273001499715343
1.83023025520416 -0.282090979128821
1.84992752854158 -0.290752401776125
1.86996599641588 -0.298950648336008
1.89036269851051 -0.306647325783969
1.9111324168418 -0.313800578885972
1.93228619841403 -0.320365053598218
1.95382941452532 -0.326292125106131
1.97575935301587 -0.331530542833672
1.9980624608643 -0.3360276732049
2.0207115521812 -0.339731510169542
2.04366354852864 -0.3425935336866
2.06685853340252 -0.344572294467165
2.09022091649801 -0.345637303349645
2.11366315592614 -0.34577250775666
2.13709177929867 -0.34497852177381
2.16041464848246 -0.343272981879216
2.18354795055575 -0.340688895166432
2.20642153228035 -0.337271405621243
2.22898182241414 -0.333073760902649
2.25119234122533 -0.32815329588075
2.27303234280759 -0.322568029084231
2.2944943461677 -0.316374156648462
2.31558124935217 -0.309624462235422
2.33630352448195 -0.30236750020783
2.35667677674494 -0.294647348303527
2.37671977930463 -0.286503731751752
2.39645298538054 -0.277972358517671
2.41589746041406 -0.269085350940293
2.43507415525618 -0.259871699681536
2.4540034406752 -0.250357697030508
2.47270483322979 -0.240567328096867
2.49119685587419 -0.230522612041032
2.50949698988386 -0.220243893387364
2.52762168615419 -0.20975008755167
2.54558641313456 -0.199058886431612
2.56340572569282 -0.188186930259975
2.58109334438397 -0.17714995155579
2.59866223830232 -0.165962896323411
2.6161247072835 -0.154640026871911
2.63349246098993 -0.14319500987652
2.65077669359318 -0.131640992635801
2.66798815353554 -0.119990669911676
2.68513720833968 -0.108256343273791
2.70223390473151 -0.0964499744953286
2.71928802451158 -0.0845832342512898
2.73630913670044 -0.0726675471392443
2.75330664652198 -0.0607141338645798
2.77028984179817 -0.0487340512971764
2.78726793732134 -0.0367382310059217
2.80425011775518 -0.0247375168050326
2.82124557959902 -0.0127427017968282
2.83826357273468 -0.000764565365787688
2.85531344206341 0.0111860894340547
2.87240466973325 0.0230983976535924
2.88954691845422 0.0349613929226391
2.90675007640021 0.0467639661285425
2.92402430420014 0.0584948217562314
2.9413800845254 0.070142431280908
2.95882827478216 0.0816949829193791
2.97638016340967 0.0931403269381525
2.99404753026279 0.104465915581988
3.01184271150472 0.11565873652091
3.02977866933758 0.126705238511252
3.04786906672653 0.137591247721161
3.06612834698673 0.148301872877169
3.08457181764273 0.158821397041256
3.10321573724574 0.169133153426159
3.1220774027159 0.179219382207099
3.1411752330672 0.189061064812787
3.16052884279105 0.198637731728482
3.18015909431012 0.207927239522368
3.20008811319349 0.216905512808498
3.22033924146338 0.225546247537058
3.24093689231896 0.233820573969021
3.26190625281091 0.241696681980145
3.28327275844237 0.249139419619192
3.30506123535876 0.256109890670559
3.32729457450527 0.262565101907743
3.34999177686532 0.268457749951335
3.373165210281 0.273736294125715
3.39681698483408 0.278345532346357
3.42093454202232 0.282227963268656
3.4454859170681 0.285326233016057
3.47041566170419 0.28758684979432
3.49564292730139 0.288965024268561
3.52106331120553 0.289429966058106
3.54655534111112 0.288969440610864
3.57199091988843 0.287592237044706
3.59724741128847 0.285327681150794
3.62221835520898 0.282222290384301
3.64682049523684 0.278334573877097
3.67099633940776 0.273729355181507
3.69471290740126 0.268472775612837
3.71795805239874 0.262628603911565
3.74073577397566 0.256255961691043
3.7630615687409 0.2494082479991
3.78495840949651 0.242132922358356
3.80645357642719 0.234471816711559
3.82757633343974 0.226461718769851
3.84835632947857 0.21813505239327
3.86882256879675 0.209520550804863
3.88900280038298 0.200643868854585
3.90892320093985 0.191528112861415
3.92860825422209 0.182194285236348
3.94808075556907 0.172661650627522
3.96736189169137 0.162948034275502
3.98647136192749 0.153070064076586
4.00542751891847 0.143043367083677
4.02424751487048 0.132882729748344
4.04294744517181 0.122602229628237
4.06154248483827 0.112215344800926
4.08004701565203 0.101735045942449
4.0984747433531 0.0911738749719766
4.11683880514191 0.0805440133203985
4.13515186826286 0.0698573422220955
4.1534262207056 0.0591254969235656
4.1716738551777 0.0483599163199738
4.18990654753192 0.0375718892453306
4.20813593081371 0.0267725984330864
4.22637356605644 0.0159731630152756
4.24463101090723 0.005184680327795
4.26291988712707 -0.00558173227179209
4.28125194797784 -0.0163148948953447
4.29963914649084 -0.027003521243597
4.31809370560519 -0.0376361726433969
4.33662819116964 -0.0482012092338774
4.35525558881523 -0.0586867374444392
4.37398938572259 -0.0690805527857434
4.39284365831942 -0.0793700768146946
4.41183316693559 -0.0895422869287034
4.43097345839569 -0.0995836373844771
4.45028097740654 -0.109479969611393
4.46977318734897 -0.119216409486669
4.48946870062623 -0.128777248745775
4.50938741792925 -0.138145807104821
4.52955067445312 -0.147304270965819
4.5499813889356 -0.156233503769411
4.57070420791784 -0.164912822193536
4.59174563213822 -0.173319731575897
4.61313410339539 -0.181429613391696
4.634900017 -0.189215357803705
4.6570756049051 -0.196646936088217
4.67969460497045 -0.203690912709289
4.70279158957693 -0.210309907720949
4.72640077025299 -0.216462041561732
4.75055402759792 -0.222100433011784
4.77527785476732 -0.227172885842142
4.8005888940797 -0.231621997558159
4.82648788353854 -0.235386049036188
4.85295225719009 -0.238401145439643
4.87992848690487 -0.240605069129132
4.90732641554777 -0.241943000752806
4.93501870106585 -0.24237453638178
4.96284798206208 -0.24188044424516
4.99064182831243 -0.240466987758097
5.01823197904024 -0.238166099711913
5.04547224720664 -0.235031219778145
5.0722503648751 -0.23113025699292
5.09849207190296 -0.226537876930477
5.12415868492117 -0.221328934132074
5.14924079584291 -0.215573932513955
5.17375066549987 -0.209336543493061
5.19771505381633 -0.202672738574515
5.22116933849611 -0.195630971743805
5.24415313464879 -0.188252925544304
5.26670727804279 -0.180574479224447
5.28887189815295 -0.172626693124692
5.3106852927285 -0.164436703872642
5.33218335611967 -0.156028488990395
5.35339936991903 -0.147423495603274
5.37436401778311 -0.138641145561553
5.39510552969115 -0.129699235975583
5.41564989338734 -0.120614255015891
5.43602109378533 -0.11140163095534
5.45624135679671 -0.102075929575721
5.47633138437274 -0.0926510121189588
5.49631057414137 -0.0831401633334587
5.5161972210935 -0.0735561969834802
5.53600870118967 -0.0639115444574669
5.55576163811815 -0.05421833077764
5.57547205513829 -0.0444884413084371
5.59515551425186 -0.0347335817178837
5.61482724503006 -0.0249653332053656
5.63450226539121 -0.0151952046246385
5.65419549654097 -0.00543468286635584
5.67392187419156 0.00430471730647246
5.69369645809381 0.0140114028723794
5.71353454185627 0.0236736505495929
5.73345176499609 0.0332795520896709
5.75346422916596 0.0428169557002446
5.77358862052676 0.0522734022972747
5.79384234027689 0.0616360550929158
5.81424364538987 0.070891620760297
5.83481180162345 0.0800262600678018
5.85556725079885 0.0890254854248766
5.87653179413083 0.0978740422066685
5.89772879289105 0.106555769999607
5.91918338670077 0.115053439006407
5.94092272793893 0.123348555742893
5.96297622756964 0.131421130843416
5.98537580226064 0.139249400303689
6.00815610357266 0.146809489966092
6.03135469503167 0.154075011837125
6.05501211864107 0.161016580677874
6.07917175382338 0.167601241778744
6.10387931208276 0.173791808936786
6.12918172213783 0.179546130965195
6.15512503841002 0.184816345183297
6.18175086124128 0.18954825209443
6.2090906432339 0.193681075074835
6.23715731671049 0.197148061717695
6.26593419628195 0.199878603997535
6.2953624558329 0.201802655316261
6.32533071976381 0.202857895793076
6.35567243082119 0.202999018374653
6.38617625421124 0.202206844243233
6.41660997038028 0.200493852025401
6.44675117964318 0.197903527083535
6.47641432516627 0.194503631483039
6.50546621558312 0.190376106369633
6.5338285592758 0.185607045096135
6.56147103347774 0.180279080585465
6.58839992559715 0.174466896298192
6.61464635038038 0.16823541959628
6.64025624396805 0.161639821844745
6.66528286444306 0.15472649642111
6.68978167891868 0.147534420266236
6.71380716847905 0.140096545892157
6.73741102512576 0.13244105023873
6.76064128742747 0.124592378225657
6.78354207054994 0.11657207861455
6.80615364879009 0.108399456695087
6.82851273010967 0.100092076789448
6.85065282121637 0.0916661469383008
6.87260462217297 0.0831368137411084
6.89439641602874 0.0745183899600835
6.91605443572876 0.0658245324498583
6.93760320077989 0.0570683837282729
6.95906582213726 0.0482626871462232
6.98046427709704 0.0394198830632068
7.00181965768059 0.0305521915502846
7.02315239674324 0.021671685780996
7.04448247626039 0.0127903593097877
7.065829622197 0.00392018977845369
7.08721349020852 -0.00492679883986103
7.1086538462461 -0.0137384736050952
7.13017074599632 -0.0225025278447044
7.1517847170013 -0.0312064125166061
7.17351694728799 -0.0398372618473082
7.19538948438031 -0.0483818111710812
7.21742544865604 -0.0568263045568346
7.23964926510216 -0.065156389333161
7.26208691754895 -0.0733569939805989
7.28476622929976 -0.0814121850151366
7.30771717350774 -0.0893049973898577
7.33097221531508 -0.0970172315363084
7.35456668503558 -0.104529208398133
7.37853917645639 -0.111819471643405
7.40293195484236 -0.118864423717559
7.42779134239529 -0.125637879735848
7.45316801969658 -0.132110521043789
7.47911713190001 -0.13824923010472
7.50569800563797 -0.144016293505158
7.53297314939304 -0.149368477078126
7.56100600759115 -0.154256019487329
7.58985666214511 -0.158621681060387
7.61957438027206 -0.16240015739782
7.65018581369806 -0.165518454886986
7.68167829879404 -0.167898203046299
7.71397995121539 -0.169461132451028
7.74694254096887 -0.17013852853169
7.78033754640475 -0.169883717331907
7.81387489206536 -0.168683835789839
7.8472436216507 -0.166565536410725
7.88016007352002 -0.1635913772628
7.91240473019251 -0.159848482596335
7.94383746272783 -0.155434523476651
7.97439309399361 -0.150445818282888
8.00406575509944 -0.144969802635503
8.0328903234883 -0.139081731223257
8.06092599062691 -0.132844346049921
8.0882438724422 -0.126309154916083
8.11491867149637 -0.119518327067874
8.14102360199455 -0.112506627667574
8.16662764142095 -0.105303121148052
8.19179430657275 -0.0979325583863547
8.21658135909691 -0.090416455890637
8.24104103595124 -0.0827739129719262
8.26522054634575 -0.0750222215790093
8.28916267887243 -0.067177319116208
8.31290642975702 -0.0592541257018269
8.3364876054456 -0.0512667980315657
8.35993937828648 -0.0432289239291914
8.383292788871 -0.0351536752441616
8.40657719674394 -0.0270539319173974
8.42982068535426 -0.0189423865219404
8.45305042898424 -0.0108316361061585
8.47629303001593 -0.0027342664694069
8.49957483489878 0.00533706711715733
8.52292223694445 0.0133695594164641
8.54636197380327 0.0213501719840413
8.5699214272868 0.0292655442933324
8.59362893314085 0.0371018961986185
8.61751410844962 0.0448449183397038
8.64160820452672 0.0524796464879659
8.66594449332718 0.0599903149538395
8.69055869541046 0.0673601829612851
8.71548945694724 0.0745713262616695
8.74077888155598 0.0816043841026659
8.76647311872025 0.0884382488721025
8.79262300209387 0.0950496822120904
8.81928471442064 0.101412837171443
8.84652042447371 0.107498661394018
8.87439878382815 0.113274152612075
8.90299506788633 0.118701437906912
8.93239056516021 0.123736659511228
8.96267051739563 0.12832868797082
8.99391944743588 0.132417779484529
9.02621210124564 0.135934503135454
9.05959773993026 0.138799658448971
9.09407602771057 0.140926505851207
9.12956607672285 0.142227185282055
9.16587795809168 0.142624807075936
9.20270515663812 0.142070038145971
9.23965544824711 0.140556372140472
9.27631725422429 0.138125873537049
9.31233298895014 0.134861458615206
9.34744740758157 0.130869824540758
9.38151920824287 0.126263259476885
9.41450505418528 0.121146391266687
9.44643200053746 0.115609452523027
9.4773703135279 0.109726668051537
9.50741218631928 0.103557587737963
9.53665730602675 0.0971496181098255
9.56520414156255 0.0905407124107714
9.59314531138102 0.0837617374173104
9.62056557978293 0.0768383689399873
9.6475414129145 0.0697925307006762
9.67414138361875 0.0626434529394677
9.70042698487568 0.0554084383400283
9.72645359551835 0.0481034131323562
9.75227145899282 0.0407433253842734
9.77792660688385 0.0333424370348352
9.80346170007963 0.0259145434422218
9.82891678320391 0.0184731444950696
9.85432995977112 0.0110315843104853
9.87973800111231 0.00360317165838785
9.90517690433562 -0.00379871001791547
9.93068241512537 -0.011160496196678
9.95629053102992 -0.0184683329057556
9.98203800059129 -0.0257079613420101
10.00796283351 -0.0328645904422518
10.0341048371289 -0.0399227518854162
10.0605061948296 -0.0468661310387996
10.0872121022687 -0.0536773658479459
10.1142714772989 -0.0603378034947963
10.1417377580126 -0.0668272016418931
10.1696697988559 -0.0731233570267129
10.1981328638229 -0.079201638850993
10.2271996919241 -0.0850343977297747
10.2569515613409 -0.0905902132902263
10.2874791824636 -0.0958329365117758
10.3188830657768 -0.100720481543747
10.3512726691465 -0.105203338765636
10.3847630270132 -0.109222846089164
10.4194665966515 -0.112709432306033
10.4554767979066 -0.115581449351467
10.4928389872701 -0.117745978841253
10.5315070284228 -0.119104068962695
10.5712938029369 -0.119563315909987
10.6118423884852 -0.119058237985816
10.652653847265 -0.117572058148656
10.6931799678431 -0.115147509543685
10.7329381403379 -0.111878634177975
10.771589597493 -0.107888443619883
10.8089573687295 -0.103304886710927
10.8449999924188 -0.0982441994565382
10.8797688219255 -0.0928034679956864
10.9133682207223 -0.0870598669923947
10.9459262030718 -0.0810732904532753
10.9775758147405 -0.0748900326570528
11.0084447830608 -0.0685462953728479
11.0386506570495 -0.0620710600582743
11.0682992397096 -0.055488260761697
11.0974848213167 -0.0488183551111964
11.1262912914216 -0.0420794316959291
11.1547935985863 -0.0352879820967035
11.1830592737227 -0.028459439965044
11.2111498798144 -0.0216085630410978
11.239122334101 -0.0147497120863091
11.2670300937615 -0.0078970643107408
11.2949242189452 -0.001064787329116
11.3228543375885 0.00573280807312967
11.3508695406998 0.0124811230213076
11.3790192380768 0.0191651230217521
11.4073540046281 0.0257691787166324
11.4359264475966 0.0322768859641226
11.4647921254233 0.0386708553668484
11.4940105496744 0.0449324593860815
11.5236463017275 0.0510415219823169
11.5537702941532 0.0569759310376585
11.5844611994537 0.0627111472508372
11.6158070488675 0.068219574329078
11.6479069567734 0.0734697439540725
11.6808728226774 0.0784252560386765
11.7148306454887 0.0830434042739423
11.7499206450473 0.0872734215672412
11.7862945339273 0.0910543338392882
11.8241067510888 0.094312596538815
11.8634941252806 0.096960180427265
11.904536225592 0.0988948428591183
11.9471910246638 0.100006038852267
11.9912172428593 0.100190998563177
12.036129537074 0.0993818595628691
12.0812501714194 0.0975735768549581
12.1258629060564 0.094833682307618
12.1693820227908 0.0912851452932458
12.2114432291752 0.0870742323467792
12.2519005609782 0.0823419212940353
12.2907708074859 0.0772080742658771
12.3281690710957 0.0717672224507977
12.3642576030126 0.0660909893496692
12.3992125241809 0.0602329222020841
12.4332052200103 0.0542333813070838
12.4663935798655 0.0481235662048003
12.4989190747736 0.0419285156355995
12.5309069597517 0.035669222435712
12.5624679568196 0.0293640794627583
12.5663706143592 0.0285777323768907
