1 0
1.00497487479062 0.0100500837529313
1.01477006253187 0.0304522380955721
1.0301512025522 0.0643052781534622
1.04991486510788 0.111646673413715
1.07204058975694 0.171200715856918
1.09440265286088 0.241283294175358
1.1151226027492 0.320273149058879
1.13265224067802 0.406766067211186
1.14573359784037 0.499571891599907
1.15332829543592 0.597653519286513
1.15455642402042 0.700055245590935
1.14865639739882 0.805839316548594
1.13496532441574 0.914036584385131
1.11291575881137 1.02361211001712
1.08204420271285 1.13344499119208
1.04200717371857 1.24232142611282
0.992601163105941 1.34894006319367
0.933783211936499 1.45192863580986
0.865689152081437 1.54987061389433
0.788646907432834 1.64134014017878
0.703182725388803 1.7249429535727
0.610018863875398 1.79936047302388
0.510062086000973 1.86339386949431
0.404383238984115 1.9160049139443
0.294189090802349 1.95635071853613
0.180788320853759 1.98381016498586
0.0655539855747047 1.99800072727814
-0.0501151531317654 1.99878537034027
-0.164832308949342 1.98627005305929
-0.277257706888834 1.96079294355109
-0.386129848044434 1.92290672257697
-0.490292324100045 1.87335536520794
-0.588715794020777 1.81304667345824
-0.680514881731693 1.74302170900262
-0.764959821473056 1.66442222172798
-0.841482747354582 1.57845719509572
-0.909678650678325 1.48636968843312
-0.969301225438829 1.38940518497089
-1.02025406360254 1.28878260052193
-1.06257790160465 1.18566894925122
-1.09643481172917 1.08115841061138
-1.12209034408042 0.976256229303831
-1.13989464389299 0.871867552203047
-1.15026350088477 0.768791004307398
-1.15366015152986 0.667716561031659
-1.15057847733221 0.569227103443559
-1.14152804857183 0.473802949645366
-1.12702127571353 0.381828632090001
-1.10756276558282 0.293601223316415
-1.08364084568299 0.209339584815617
-1.05572112089279 0.129194009261149
-1.0242418610042 0.0532558312146081
-0.98961098100328 -0.0184333150547975
-0.952204363069462 -0.0858728171191285
-0.91236527401986 -0.14909512980718
-0.870404648792939 -0.208158621684163
-0.826602034801557 -0.26314124718503
-0.781207019820564 -0.31413502992811
-0.734440994721234 -0.361241315431806
-0.686499129911241 -0.404566733872527
-0.63755246959447 -0.444219803627972
-0.587750070298013 -0.480308102290197
-0.537221129298367 -0.512935932006885
-0.486077064665242 -0.542202409100603
-0.434413521852102 -0.568199912885547
-0.382312292415325 -0.591012834661579
-0.329843138895426 -0.610716574443137
-0.277065526503532 -0.627376739679865
-0.224030267362038 -0.641048506791466
-0.170781086953605 -0.651776112625591
-0.117356125399876 -0.6595924488916
-0.0637893884399508 -0.664518738223771
-0.0101121646859612 -0.666564275829269
0.0436455729647133 -0.665726225756325
0.0974537628866143 -0.661989465778462
0.1512808276326 -0.655326479850344
0.205092204049566 -0.6456973021825
0.258848810187454 -0.63304952234649
0.312505428612156 -0.617318366605235
0.366008986168247 -0.59842687701035
0.419296711240827 -0.576286216857691
0.472294151357948 -0.550796138963531
0.524913036848083 -0.521845662003332
0.577048980593533 -0.489314009873366
0.628579010162515 -0.453071879636313
0.679358937316175 -0.412983114910599
0.729220581720005 -0.368906873191275
0.777968881367167 -0.320700386926513
0.825378942510982 -0.268222428260951
0.871193107549789 -0.211337594805993
0.915118150925612 -0.149921536688332
0.956822751015921 -0.0838672409221091
0.995935430026414 -0.0130924746347356
1.03204320302412 0.0624515400163219
1.06469122928008 0.142770193648284
1.09338381019017 0.227814344954643
1.11758712232709 0.317468105883324
1.13673410337581 0.411535826674369
1.15023191207698 0.509728708406419
1.15747234800995 0.61165165413722
1.15784552923437 0.716791168433354
1.15075697262172 0.824505310696773
1.13564799437999 0.934016873032167
1.1120190461674 1.04441105306235
1.07945523727843 1.15463888543113
1.03765289414341 1.26352754281393
0.986445621563611 1.36979828801177
0.925828018591706 1.47209234415772
0.855975037210763 1.56900427340419
0.777255020575484 1.65912167827797
0.690234763557199 1.74106926543068
0.595675504773837 1.81355466652699
0.494519535400897 1.87541302551548
0.38786799001304 1.92564733492392
0.276951223038661 1.96346187166163
0.163093818363842 1.98828679495767
0.0476766118592522 1.99979289113418
-0.0679019154478227 1.99789639443054
-0.182262841600105 1.98275459514075
-0.294081074855752 1.95475344436245
-0.402115681251672 1.91448855888661
-0.505235670542879 1.86274099744805
-0.602440895324366 1.80044904894869
-0.6928778379344 1.72867716139743
-0.775850120830081 1.64858310738226
-0.850823655863252 1.56138452094286
-0.917426492061746 1.46832599893101
-0.975443632574537 1.37064797327291
-1.02480733726361 1.26955848294078
-1.06558366050078 1.16620879202596
-1.09795615002402 1.06167353032269
-1.12220772403087 0.956935712985164
-1.13870174189315 0.852876670651572
-1.14786319856634 0.750270630716844
-1.15016082533238 0.649783462042008
-1.14609069630418 0.551974942841464
-1.13616174662722 0.457303835250644
-1.12088342531875 0.366135040933913
-1.10075554747136 0.278748155238803
-1.07626028479981 0.195346816141467
-1.04785614230374 0.116068342756336
-1.01597371012791 0.0409932632890383
-0.981012948963637 -0.029845565887457
-0.943341758814531 -0.096454456393224
-0.903295588754243 -0.158871127089347
-0.861177864050097 -0.217157750525463
-0.817261032197278 -0.271394821423047
-0.771788057474 -0.321675825889257
-0.724974222019257 -0.36810266518288
-0.677009118420435 -0.41078177220053
-0.62805874333003 -0.449820850425081
-0.578267623180989 -0.485326162083423
-0.527760921483771 -0.517400293165768
-0.47664649255959 -0.546140326516884
-0.425016859140663 -0.571636359445071
-0.372951101377362 -0.593970308474018
-0.320516652791552 -0.613214950458064
-0.267771004958918 -0.629433155932521
-0.214763327519859 -0.642677277050536
-0.161536013801801 -0.652988658641464
-0.108126165137242 -0.66039724676576
-0.0545670290905617 -0.664921274648087
-0.000889408430047207 -0.666567011096148
0.0528769410733417 -0.66532856154103
0.106701904983389 -0.66118771677154
0.160553576917992 -0.654113849402644
0.214396777404016 -0.644063863251229
0.268191504379842 -0.630982206233687
0.32189129493616 -0.614800963295891
0.375441478400606 -0.595440052381982
0.428777301995425 -0.572807553679809
0.481821912265477 -0.546800210462872
0.534484178595664 -0.517304148858395
0.586656349804772 -0.484195873824684
0.638211541500603 -0.447343609438899
0.689001061188172 -0.406609063060556
0.738851590708558 -0.361849704629995
0.787562262193073 -0.312921663598386
0.834901685120163 -0.259683355722733
0.880605008994942 -0.201999958697544
0.924371139210832 -0.139748857282491
0.965860263045415 -0.0728261725327765
1.00469188815924 -0.00115447257562015
1.0052731339786 -4.92441810318286E-16
