1 0
1.00497436977837 0.0100500787026405
1.01398587786583 0.0287962824196751
1.02682601459475 0.0568201831914706
1.04247337849872 0.0933609168104749
1.05965183670862 0.137120920491301
1.07718699805845 0.186792346202833
1.09413289531484 0.241274079934288
1.10976935562658 0.29971000526955
1.12355342842341 0.361453569373727
1.13506676692712 0.426013613575825
1.14397360694181 0.493003869881804
1.14999149076151 0.562102676413017
1.15287262031308 0.633023084000105
1.15239297862416 0.705491532264465
1.14834678674695 0.779233035400164
1.14054451193282 0.853961156396762
1.12881319937489 0.929371492336438
1.11299830166484 1.00513778114128
1.09296644614573 1.08091003381994
1.0686087467897 1.15631430145503
1.03984436692101 1.23095382009742
1.00662409698371 1.30441135686899
0.968933745299014 1.37625262149667
0.92679716152294 1.44603062068244
0.880278730483105 1.51329082719885
0.82948519355531 1.57757701874088
0.77456667886943 1.63843761956502
0.715716851770948 1.69543235615662
0.653172132959966 1.7481390211416
0.587209972136285 1.79616013104703
0.518146207302186 1.8391292658375
0.446331580905316 1.87671689256693
0.372147520254778 1.90863550160222
0.29600131786363 1.93464391974625
0.218320865087203 1.95455070688529
0.139549098419664 1.96821658723983
0.0601383124183704 1.9755559083448
-0.0194555216275527 1.97653715644515
-0.0987783132650626 1.97118258321123
-0.177383192095713 1.95956701446241
-0.254835556015316 1.94181591775524
-0.330717773379175 1.91810280470235
-0.404633495590839 1.88864603916881
-0.476211542363373 1.85370511758798
-0.545109323310329 1.81357648538534
-0.611015758959889 1.76858895546384
-0.673653664323581 1.71909880099196
-0.732781560946979 1.66548460416865
-0.78819489024048 1.60814195319814
-0.839726612143345 1.54747808907597
-0.8872471881908 1.48390660986798
-0.930663965519988 1.4178423414414
-0.969919996587154 1.34969647934472
-1.00499234665176 1.27987209678279
-1.0358899559058 1.20876009912487
-1.06265113437133 1.13673568732199
-1.08534077470927 1.06415537245706
-1.1040473707021 0.991354562910247
-1.11887992762439 0.918645725666987
-1.12996484554469 0.846317105253497
-1.13744284855785 0.774631968468168
-1.14146602286958 0.703828330972845
-1.14219501538927 0.634119113094813
-1.13979643280513 0.565692666788769
-1.13444046967509 0.498713613340197
-1.1262987833811 0.433323931645381
-1.11554262423045 0.369644239293027
-1.10234122076996 0.307775212689997
-1.08686041361083 0.247799097628438
-1.06926152574564 0.189781267538977
-1.04970045340098 0.133771792833297
-1.02832695878353 0.0798069908987591
-1.00528414448709 0.0279109322292937
-0.98070808866099 -0.0219031163111764
-0.954727620124464 -0.0696313251061523
-0.927464213283118 -0.115278021892153
-0.899031983813919 -0.15885450416106
-0.869537767504446 -0.200377946469173
-0.839081266249841 -0.239870402636084
-0.807755246936535 -0.277357900718794
-0.775645780702371 -0.312869627027431
-0.742832511801555 -0.346437194254159
-0.709388946976675 -0.378093987961796
-0.675382757817049 -0.407874585170509
-0.640876090040308 -0.435814238539861
-0.605925874957225 -0.461948419623546
-0.570584139559182 -0.486312414833119
-0.534898312699191 -0.508940968046635
-0.498911525720866 -0.529867964203742
-0.462662906628774 -0.549126148709246
-0.426187867494836 -0.566746877994766
-0.389518385268401 -0.582759897138567
-0.352683276514116 -0.597193140996227
-0.315708466855605 -0.610072555832281
-0.27861725606917 -0.621421938952198
-0.241430579866082 -0.631262794305335
-0.20416726943996 -0.639614202457164
-0.166844309852074 -0.646492703710744
-0.12947709829541 -0.651912193493925
-0.0920797032293139 -0.655883829423408
-0.0546651253194035 -0.658415949714887
-0.0172455610587838 -0.659514002836437
0.0201673301095815 -0.659180488507352
0.0575621544014015 -0.657414910333685
0.0949275073102313 -0.654213740551495
0.132251691562055 -0.649570397525082
0.169522428775001 -0.643475236824885
0.206726564241902 -0.635915556892153
0.243849764307749 -0.626875620487586
0.280876205877966 -0.616336693321027
0.317788257669709 -0.604277101470514
0.354566152909639 -0.590672309423108
0.391187653290254 -0.575495020808529
0.427627704125205 -0.558715304151933
0.463858080795251 -0.540300746246798
0.499847026754437 -0.520216636045976
0.535558883576561 -0.498426182292127
0.570953713772977 -0.474890768460846
0.605986917415151 -0.44957024897308
0.640608843963212 -0.422423291047572
0.674764401152783 -0.393407767005386
0.708392663347274 -0.362481202298124
0.741426482445177 -0.329601284993711
0.773792105266826 -0.294726442894439
0.805408802357437 -0.257816494847349
0.836188514356011 -0.218833383091807
0.866035523510819 -0.177741993615923
0.894846159581869 -0.134511071392651
0.922508551257772 -0.0891142369563118
0.948902436312532 -0.0415311099681666
0.973899046001537 0.00825145589552123
0.997361081586893 0.0602380243248195
1.01914280330438 0.114423114261401
1.03909025442091 0.170789627984357
1.05704164513137 0.229307177462355
1.07282792272019 0.289930322377562
1.08627355544171 0.352596739562617
1.09719755769794 0.417225350896713
1.10541478302598 0.483714444883394
1.11073750885037 0.55193983599489
1.11297733260595 0.621753115123658
1.11194739242021 0.692980053717103
1.10746491684248 0.765419232841496
1.09935409699979 0.838840975849834
1.08744926106372 0.912986668723165
1.07159831523747 0.98756855463758
1.05166639805108 1.06227008797004
1.02753967628765 1.13674692693023
0.999129192329727 1.21062863257052
0.966374655356404 1.28352112461898
0.929248054095258 1.35500992131815
0.88775695832123 1.42466416165105
0.841947371568312 1.49204137499327
0.791905999966809 1.55669292697273
0.737761812744575 1.61817003336491
0.679686789157412 1.67603019890199
0.617895774107114 1.72984390789772
0.552645399260048 1.77920137152899
0.484232066000725 1.82371912502106
0.412989028166476 1.86304626863732
0.339282652794841 1.89687015992766
0.263507972495462 1.92492139042545
0.186083670266894 1.94697791573356
0.10744665417276 1.96286825024397
0.028046384103701 1.97247368224105
-0.0516608937235518 1.97572950723391
-0.131217864865158 1.97262531293108
-0.210171699824285 1.9632043754293
-0.288079349139881 1.9475622418147
-0.364512509981137 1.92584458027044
-0.439062212025307 1.89824437740252
-0.511342982501185 1.86499855727945
-0.580996556411883 1.82638409121068
-0.647695099629307 1.78271366444241
-0.711143912176479 1.73433096733842
-0.771083579181923 1.68160568437027
-0.827291539876856 1.62492826320151
-0.879583051931772 1.56470455628639
-0.927811539694349 1.50135043638565
-0.971868329852677 1.4352864931107
-1.01168179537075 1.3669329185171
-1.04721594652804 1.29670468513557
-1.07846852480701 1.22500710971401
-1.10546866970633 1.15223188109142
-1.12827423921102 1.07875361225892
-1.14696887100367 1.00492695626787
-1.16165887341063 0.931084304738745
-1.17247003281341 0.857534067694568
-1.17954441840031 0.784559515418179
-1.18303725646571 0.712418147825272
-1.18311393585032 0.64134154493024
-1.17994719441539 0.571535643524907
-1.17371452443791 0.503181380093749
-1.16459582316004 0.436435637956685
-1.15277130393224 0.371432437232024
-1.138419673811 0.308284308945271
-1.12171657532019 0.247083798952682
-1.10283328344716 0.187905052800333
-1.08193564380614 0.130805438748146
-1.05918323417449 0.0758271725681886
-1.03472872915152 0.0229989140653581
-1.00871744633567 -0.0276626886714425
-0.981287051982741 -0.0761515256677044
-0.952567404415184 -0.122470635436325
-0.922680514331315 -0.166630908210305
-0.891740602461326 -0.208649887113552
-0.859854236601956 -0.248550669163067
-0.827120531822749 -0.286360905399086
-0.793631399483231 -0.32211189738491
-0.759471832560365 -0.355837785750531
-0.724720216603843 -0.387574825316555
-0.689448657371893 -0.417360740569589
-0.653723317822351 -0.445234154812414
-0.617604758622367 -0.47123408613007
-0.581148277681982 -0.495399503349164
-0.544404245404847 -0.517768935378996
-0.507418433381099 -0.538380127670464
-0.470232335124392 -0.557269739977131
-0.43288347818239 -0.574473080120926
-0.395405727535669 -0.590023869024948
-0.357829580654519 -0.603954032853762
-0.320182454919567 -0.616293518676718
-0.282488968344944 -0.627070130625701
-0.244771214687713 -0.636309384042223
-0.20704903410063 -0.644034375591019
-0.169340280503034 -0.650265667752937
-0.131661086821799 -0.655021186497056
-0.0940261292042369 -0.658316131271953
-0.0564488912390434 -0.660162896752501
-0.0189419291488077 -0.660571006037193
0.0184828611553883 -0.659547055218474
0.0558139743361584 -0.657094669452301
0.0930400224518657 -0.653214470840254
0.130149457640895 -0.647904058614812
0.167130290026547 -0.641158002291584
0.203969800256564 -0.632967848626118
0.240654246149771 -0.623322143391101
0.277168562987128 -0.612206469174926
0.313496057058942 -0.599603500596715
0.349618092167164 -0.585493078537404
0.385513768884216 -0.569852305202714
0.421159596490203 -0.552655662063273
0.456529157651139 -0.533875152961705
0.491592766065039 -0.513480474938567
0.526317117494374 -0.491439219611481
0.560664934828169 -0.467717108247798
0.594594608082678 -0.442278264003286
0.628059830566732 -0.415085525159351
0.661009232820173 -0.386100803578441
0.693386016398108 -0.355285493007345
0.725127590139943 -0.322600932281862
0.756165212252546 -0.288008928907597
0.786423642374828 -0.251472348886423
0.815820808799717 -0.21295577899211
0.844267497229333 -0.172426267927061
0.871667068845698 -0.129854152858209
0.897915217099643 -0.0852139776654825
0.922899774450459 -0.038485508760901
0.946500582308661 0.0103451465399298
0.968589439605457 0.0612843154872288
0.989030147673499 0.114329427577363
1.00767867138614 0.169467575494707
1.02438343864816 0.226673973846274
1.03898580220845 0.285910324582018
1.05132068918885 0.347123103292658
1.06121746447247 0.410241786831298
1.06850103391903 0.475177049880704
1.07299321199705 0.541818966081272
1.07451437555495 0.610035257954891
1.07288542081057 0.679669648812656
1.06793003396629 0.750540378707061
1.05947727695925 0.822438954742531
1.04736447863702 0.895129213026786
1.03144040815319 0.968346774453043
1.01156869183464 1.04179897849323
0.987631417640687 1.1151653773725
0.95953285332668 1.18809886655103
0.927203186525582 1.2602275156705
0.890602178404664 1.331157146599
0.849722608780662 1.40047468187423
0.804593381132203 1.46775225813619
0.755282152356548 1.532552066067
0.70189735570582 1.59443184253819
0.644589497043186 1.65295090430884
0.583551624733445 1.70767657839059
0.519018901723978 1.75819085502637
0.451267243420279 1.80409706801302
0.380611024684066 1.84502639633775
0.307399900789965 1.88064398253069
0.232014827063381 1.91065447737967
0.154863396642646 1.93480684697481
0.0763746421492347 1.95289831427687
-0.00300653736936949 1.96477735008468
-0.0828251591421083 1.97034567307466
-0.162621991633588 1.96955926089807
-0.241939301453482 1.96242841003295
-0.320326395087361 1.94901690829917
-0.397344863630413 1.92944039951045
-0.472573462292131 1.90386402543289
-0.545612575329641 1.87249942848864
-0.616088229729464 1.83560119294112
-0.683655627500418 1.79346279624194
-0.748002168397088 1.74641213873966
-0.8088499346865 1.69480672071301
-0.865957609829082 1.63902854087154
-0.919121805868731 1.57947879892207
-0.96817778125098 1.51657249450483
-1.01299954201312 1.45073302341287
-1.05349933415973 1.38238687738362
-1.08962655219583 1.31195855434499
-1.12136610651871 1.23986578105853
-1.14873630892137 1.16651513968722
-1.17178634932725 1.09229817467907
-1.19059344696729 1.01758803774132
-1.20525976492733 0.942736708083266
-1.2159091782241 0.868072804065498
-1.22268398261653 0.793899982307059
-1.2257416248412 0.720495902305018
-1.22525152568632 0.648111719523338
-1.2213920561794 0.576972058177412
-1.21434771503495 0.50727540673015
-1.20430654318236 0.439194874311834
-1.19145779932685 0.372879244565423
-1.17598990959349 0.308454264354442
-1.15808869470911 0.246024107834179
-1.13793587008838 0.185672961043559
-1.1157078076801 0.127466677913261
-1.09157454346753 0.071454464946108
-1.06569901099905 0.0176705584184573
-1.03823647909869 -0.033864135537482
-1.00933417078845 -0.0831404614181901
-0.979131040255097 -0.130159513141634
-0.94775768522521 -0.17493122377446
-0.91533637319843 -0.21747305434958
-0.881981161475222 -0.25780878611882
-0.847798092666346 -0.295967417416223
-0.812885449275723 -0.331982163743358
-0.777334052915582 -0.365889557677624
-0.741227595671992 -0.397728643689881
-0.704642993036108 -0.427540261878237
-0.667650749612325 -0.455366413920043
-0.630315330481098 -0.481249704156982
-0.592695532612997 -0.505232848605087
-0.554844852090621 -0.52735824477379
-0.516811844090927 -0.547667595441539
-0.47864047361192 -0.566201579930323
-0.440370455797523 -0.582999566912258
-0.402037585429654 -0.598099363336564
-0.363674055726022 -0.611536994657219
-0.325308767018104 -0.623346512146331
-0.286967626199695 -0.63355982367555
-0.248673838048012 -0.642206544921479
-0.210448189642793 -0.64931386848844
-0.172309329161066 -0.654906448934596
-0.134274040322535 -0.659006302130586
-0.0963575137182618 -0.661632717771939
-0.0585736161870389 -0.662802184209526
-0.0209351593211498 -0.662528325060054
0.0165458319050699 -0.660821847317267
0.0538578494778299 -0.657690500910965
0.0909896308343353 -0.653139049862862
0.127929884754323 -0.647169255372909
0.16466701397672 -0.639779871343923
0.201188833932374 -0.63096665302187
0.23748228704993 -0.620722379598837
0.273533152160532 -0.609036891799069
0.309325748601891 -0.595897145648093
0.3448426347069 -0.581287283812729
0.380064300459331 -0.565188726096954
0.414968854212333 -0.547580280886362
0.449531703496784 -0.528438279553586
0.48372523009879 -0.507736736070238
0.517518459761778 -0.485447534319756
0.550876727072762 -0.461540645872766
0.583761336329922 -0.435984381274669
0.616129219467383 -0.408745678206799
0.647932592443129 -0.379790430218616
0.679118611890569 -0.349083860088056
0.709629034309481 -0.31659094224577
0.739399880646848 -0.282276879086807
0.768361109813452 -0.246107636374169
0.796436305519837 -0.20805054328827
0.823542381816717 -0.168074962960648
0.849589313908314 -0.126153039504922
0.874479902185491 -0.0822605275672005
0.898109579003293 -0.0363777101946118
0.920366269497514 0.0115095897134684
0.941130319674482 0.0614089000392021
0.960274507076165 0.113319889257942
0.977664151454612 0.167233054536926
0.993157344995616 0.223128309935211
1.00660532359167 0.280973480002914
1.0178530023276 0.340722708415359
1.02673969952461 0.402314796518046
1.03310007417383 0.465671492813227
1.03676530113342 0.530695761447212
1.0375645067978 0.597270065550789
1.03532648479649 0.665254709649239
1.02988170637567 0.734486293998089
1.02106463322023 0.804776342206632
1.00871633141488 0.875910171350853
0.992687373945716 0.947646080298304
0.972841005676974 1.01971493641079
0.949056529352333 1.09182024232333
0.921232854342782 1.1636387622642
0.889292132317302 1.23482178057775
0.853183386735656 1.30499705307924
0.81288602728148 1.37377149420905
0.768413127486403 1.44073461962932
0.719814335356186 1.50546273537192
0.667178284274703 1.56752383191414
0.610634376102222 1.62648310624219
0.550353821075825 1.68190899924034
0.486549840149947 1.7333796022516
0.419476964324621 1.78048925827677
0.349429400989908 1.8228551628586
0.276738477205916 1.86012375969415
0.201769211237591 1.8919767281289
0.124916103178704 1.91813637450762
0.0465982696168921 1.93837026614606
-0.0327459271566232 1.95249498328388
-0.112664590230536 1.96037890735261
-0.19269817157497 1.96194400892734
-0.27238536882108 1.95716664124125
-0.351268894303948 1.94607738100828
-0.428900999546047 1.92875998460012
-0.504848664625697 1.90534954317483
-0.578698386330504 1.87602992589372
-0.650060518634537 1.84103059830873
-0.718573132303361 1.80062289681682
-0.783905367416112 1.75511583341056
-0.845760254836615 1.70485150079737
-0.9038769826098 1.65020014804319
-0.958032583568155 1.59155500145224
-1.00804302333967 1.52932691331279
-1.05376367481352 1.46393893040316
-1.09508917625308 1.39582088240392
-1.13195268498579 1.32540409543907
-1.16432455557464 1.25311633629963
-1.1922104888479 1.17937708771658
-1.21564921436948 1.10459324439875
-1.23470978235873 1.02915530419106
-1.2494885506298 0.953434109891995
-1.26010595723669 0.877778176512445
-1.26670317009436 0.80251161761203
-1.26943870123496 0.727932664223928
-1.2684850662005 0.654312751917622
-1.26402555920857 0.581896136560375
-1.2562512030731 0.510899987785882
-1.2453579203103 0.441514901203936
-1.23154395921375 0.373905765861453
-1.21500759660054 0.308212922062987
-1.19594512791431 0.244553545914618
-1.17454914575482 0.183023200336449
-1.1510070998745 0.123697497247314
-1.12550012529534 0.0666338216395841
-1.09820212041086 0.0118730748651946
-1.06927905362743 -0.040558598748139
-1.03888847510009 -0.0906481311544533
-1.00717920923599 -0.13839391860581
-0.974291203673043 -0.183804295516042
-0.940355511196371 -0.226896106089246
-0.905494382349338 -0.267693381133368
-0.869821448170955 -0.306226123666149
-0.833441974408849 -0.342529203770152
-0.79645317060529 -0.376641360623813
-0.758944539542002 -0.40860430767123
-0.720998254587873 -0.438461935433135
-0.682689554469949 -0.466259605440995
-0.644087146844293 -0.492043528132773
-0.605253613754047 -0.515860217222814
-0.566245813610563 -0.537756012994666
-0.527115275711164 -0.557776667114061
-0.487908584510464 -0.575966981874687
-0.448667751892644 -0.592370497231416
-0.409430576554566 -0.607029219508462
-0.370230990312077 -0.619983386261864
-0.331099391695111 -0.631271262399106
-0.292062967614052 -0.640928963289796
-0.253146004175178 -0.648990301220324
-0.214370187913034 -0.655486652136326
-0.175754898809442 -0.660446840167581
-0.137317496499647 -0.663897037932642
-0.0990736010428461 -0.665860681070605
-0.0610373695723936 -0.666358395844177
-0.0232217700543599 -0.665407939003605
0.0143611467167664 -0.663024149399687
0.0516999758604987 -0.659218911092183
0.088783686968079 -0.654001127924901
0.125601351648838 -0.647376709738249
0.162141869327387 -0.639348570571583
0.198393690636087 -0.629916639378244
0.234344537825005 -0.619077883941504
0.269981121687771 -0.606826348844541
0.305288854580352 -0.593153208515526
0.340251559194218 -0.5780468365425
0.374851172839542 -0.561492892633572
0.409067447101221 -0.543474428787296
0.442877642853441 -0.523972016436835
0.476256220759991 -0.502963896540835
0.509174527550288 -0.480426154815178
0.54160047854802 -0.456332924534928
0.573498237144636 -0.430656619587048
0.604827892158871 -0.40336820072436
0.635545134313593 -0.374437478261666
0.665600933402359 -0.343833454766823
0.694941218122754 -0.311524711631446
0.723506561037291 -0.277479843752914
0.751231871703373 -0.241667946911485
0.778046101711185 -0.204059162767391
0.803871966202893 -0.164625286708326
0.828625687437551 -0.123340444014293
0.852216767129865 -0.080181839930391
0.874547795638113 -0.0351305891941566
0.895514307609018 0.0118273697133028
0.915004695395225 0.0607002709095571
0.932900193419296 0.111489424344168
0.949074948622572 0.164188023686257
0.963396194141874 0.2187798586744
0.975724545309767 0.275237934453484
0.985914438855024 0.333523003896117
0.99381473763817 0.393582023203883
0.999269524210799 0.45534654624936
1.00211910672468 0.518731079158344
1.00220125999905 0.583631423496963
0.999352722624779 0.649923044007099
0.993410967577407 0.717459504929655
0.984216258675119 0.786071027274122
0.97161399813182 0.855563227529466
0.955457361267631 0.925716105742245
0.935610203095285 0.996283356974435
0.911950208090579 1.06699208415581
0.884372239248708 1.13754299145494
0.852791826015942 1.20761113468124
0.817148713601575 1.27684729812432
0.777410379504634 1.34488005500735
0.733575408051191 1.41131855100292
0.685676601727312 1.47575602702229
0.633783700591084 1.53777406920274
0.578005579487768 1.5969475416952
0.518491798394911 1.65285012309129
0.455433394807347 1.70506033227739
0.389062828868468 1.75316789675625
0.319653021453666 1.79678028886979
0.247515461268069 1.83552923568633
0.172997397048342 1.86907699899435
0.0964781722513162 1.89712222453796
0.0183647987897997 1.91940517491865
-0.0609131000463968 1.93571218773308
-0.140908822497742 1.94587923738102
-0.221164428250957 1.94979452215969
-0.301216714739564 1.94740004348113
-0.380603168900953 1.93869218673682
-0.458867752574416 1.92372134936713
-0.53556640490756 1.9025906881197
-0.610272172371374 1.87545407306538
-0.682579902343792 1.84251334136829
-0.752110456659295 1.80401494145876
-0.818514415439738 1.76024605159258
-0.881475248984415 1.71153024948086
-0.940711938037276 1.65822280479986
-0.995981022829403 1.60070566574257
-1.04707806161403 1.53938221465723
-1.09383848224689 1.47467187516554
-1.13613781711234 1.40700466196386
-1.17389132268566 1.33681577241739
-1.207052999596 1.2645403238697
-1.23561404582783 1.19060834070872
-1.25960079291504 1.11544008985777
-1.27907219085961 1.03944185253483
-1.29411692052229 0.963002204597703
-1.30485022130116 0.886488858826971
-1.31141052646714 0.810246101620311
-1.31395599849918 0.734592835347747
-1.31266105252211 0.659821217469822
-1.30771294817527 0.586195869600342
-1.29930851980201 0.51395361481445
-1.28765110268855 0.44330369012101
-1.27294770011004 0.374428373268609
-1.25540642297378 0.307483958797956
-1.2352342215487 0.242602017145726
-1.21263491763503 0.17989087216775
-1.1878075358844 0.119437236135777
-1.16094492500391 0.0613079465112231
-1.13223265330883 0.00555175507988105
-1.10184815846856 -0.0477988731308581
-1.06996012818389 -0.0987259867345266
-1.03672808675987 -0.147224429413383
-1.00230216189091 -0.193300198196151
-0.966823006242734 -0.236968895008591
-0.930421849394367 -0.278254282695684
-0.893220657206732 -0.317186952193657
-0.855332377548176 -0.35380310371776
-0.81686125339234 -0.388143441702032
-0.777903186496364 -0.42025218073377
-0.738546137077245 -0.45017615780906
-0.698870547062168 -0.477964044830951
-0.658949776543923 -0.503665654311508
-0.618850544989298 -0.527331330657536
-0.578633370502891 -0.549011419155447
-0.538353002026959 -0.568755804766649
-0.498058840752826 -0.586613513049548
-0.457795348229892 -0.602632365891586
-0.417602439687457 -0.616858685223804
-0.377515861939262 -0.629337038464972
-0.337567555930253 -0.640110020070632
-0.297786004521623 -0.649218064216907
-0.258196566507906 -0.656699284306017
-0.218821798134351 -0.662589335620725
-0.179681763551204 -0.666921298062699
-0.140794335721465 -0.669725576473599
-0.102175489308069 -0.671029816549941
-0.0638395870222622 -0.670858834819492
-0.0257996608333219 -0.669234561547847
0.0119323106655077 -0.66617599579126
0.0493451275571443 -0.661699172110866
0.0864280955091428 -0.655817138720503
0.123170753349428 -0.648539947063293
0.159562600477734 -0.639874653008682
0.195592823382463 -0.629825330039647
0.231250020626326 -0.618393094966081
0.266521925752438 -0.60557614686097
0.301395127648853 -0.591369820075552
0.335854787997515 -0.57576665235172
0.369884355527379 -0.558756469216914
0.403465276894623 -0.540326486020213
0.436576704129085 -0.520461429149311
0.46919519871805 -0.499143678157363
0.501294432549335 -0.476353430727178
0.532844886107786 -0.452068892609125
0.56381354451603 -0.426266494890103
0.59416359223549 -0.398921141185873
0.623854107502575 -0.370006487600236
0.652839757874808 -0.339495258563518
0.681070498611871 -0.307359601950156
0.708491276029297 -0.273571487179156
0.735041738452422 -0.238103150316648
0.760655957982252 -0.200927590516591
0.785262166981633 -0.162019122437676
0.808782514018427 -0.121353989537311
0.831132844980054 -0.0789110433343142
0.852222516214935 -0.0346724938073669
0.871954247869683 0.0113752639970654
0.890224027075755 0.0592407423998816
0.906921072283594 0.108926368452606
0.921927871818448 0.160427403134887
0.935120311593952 0.21373077078914
0.946367908799147 0.268813799258093
0.955534170178966 0.325642873907181
0.962477095136878 0.384172012162384
0.967049845151614 0.444341369437947
0.96910160173852 0.506075692404381
0.96847863519232 0.569282741454599
0.965025605390405 0.633851710914021
0.958587113765878 0.699651682892241
0.949009521925165 0.766530158492132
0.936143047046692 0.834311718084683
0.919844136953001 0.902796870124421
0.899978118462864 0.97176115500873
0.876422101269212 1.04095457615049
0.849068106259807 1.11010143401842
0.817826372187975 1.17890063961842
0.782628778411744 1.24702658094295
0.743432304791817 1.31413060855964
0.700222433755209 1.37984319414503
0.653016385199045 1.44377679804243
0.601866063701487 1.50552945884222
0.546860590873565 1.56468909001327
0.488128295019257 1.62083843676216
0.425838036743633 1.673560612137
0.360199763529792 1.72244509704127
0.291464208777732 1.76709405682918
0.219921680812228 1.80712880030083
0.145899923543297 1.84219618794946
0.0697610706007698 1.87197478760365
-0.00810224404354571 1.8961805787926
-0.0872715170734623 1.91457202281553
-0.167307613446514 1.9269543428921
-0.247756451396628 1.93318289580386
-0.328154962474814 1.93316555974988
-0.408037153284084 1.92686410849274
-0.48694010613529 1.91429458471692
-0.564409775890714 1.89552672173349
-0.640006466409283 1.87068248925236
-0.713309898213872 1.83993385461032
-0.78392380530025 1.80349985620692
-0.851480020296536 1.76164308329132
-0.915642021805143 1.71466564910679
-0.97610792574033 1.66290473645196
-1.03261290532734 1.60672778908424
-1.08493102463327 1.5465274209635
-1.13287647079265 1.48271611849559
-1.17630417280109 1.4157208176768
-1.21510980132259 1.34597744638378
-1.24922915475065 1.27392552962434
-1.27863695113406 1.20000296014581
-1.30334506213285 1.12464103675303
-1.32340024213361 1.04825986718887
-1.33888142122385 0.97126422149218
-1.34989664336315 0.894039906114613
-1.35657973970459 0.816950710011587
-1.35908683105223 0.740335952961187
-1.35759275284275 0.664508645088719
-1.35228749120266 0.589754246419391
-1.34337271026673 0.516329997407681
-1.33105843994651 0.44446477661621
-1.31555998067962 0.374359430497406
-1.2970950683016 0.306187512694961
-1.27588132888995 0.24009636627914
-1.25213404090456 0.176208481502991
-1.22606421068529 0.114623063523078
-1.19787695768822 0.0554177485078138
-1.16777019790919 -0.0013495879141219
-1.13593360778553 -0.0556389793753284
-1.10254784640905 -0.107426517106577
-1.06778401097667 -0.156702533146599
-1.03180329885334 -0.203469846691014
-0.99475684920732 -0.247742095288468
-0.956785737678016 -0.289542166628357
-0.918021098739547 -0.328900741391022
-0.878584352135716 -0.365854953089765
-0.838587511815933 -0.400447167024966
-0.798133558055089 -0.43272387736367
-0.757316855778304 -0.462734718902758
-0.716223604443769 -0.490531588206583
-0.674932307095048 -0.516167867462119
-0.633514248329153 -0.539697743495359
-0.592033972904116 -0.56117561387416
-0.550549758508465 -0.580655571820475
-0.509114077822605 -0.598190961710986
-0.467774046414204 -0.613833997206175
-0.426571854227068 -0.627635434467236
-0.385545179450756 -0.639644293456182
-0.344727584404749 -0.649907620930654
-0.304148893747532 -0.658470289409349
-0.263835555840643 -0.665374827069277
-0.223810988476096 -0.67066127421882
-0.184095910429033 -0.674367062651731
-0.144708660443973 -0.676526914811571
-0.105665505321081 -0.677172760272482
-0.0669809387564547 -0.67633366756368
-0.0286679725254343 -0.674035789827967
0.00926157850379895 -0.67030232320919
0.046796816162946 -0.665153477212618
0.0839274823540072 -0.658606456581172
0.12064368490474 -0.650675454486091
0.156935624948013 -0.641371657050969
0.19279332498692 -0.630703259421248
0.228206356921112 -0.618675493765084
0.26316356941483 -0.605290669753093
0.297652814085853 -0.590548228219802
0.33166067009065 -0.574444808863325
0.365172166778151 -0.556974332995539
0.398170504187149 -0.538128102514827
0.430636771274026 -0.51789491643918
0.462549661882039 -0.496261206509558
0.493885188603832 -0.473211193552891
0.524616394847947 -0.448727066481396
0.554713065600892 -0.422789186001037
0.584141437581534 -0.395376315308431
0.612863909718427 -0.366465880273841
0.640838755148053 -0.336034261840076
0.668019836239889 -0.30405712361442
0.694356324511783 -0.270509777893395
0.719792427717875 -0.23536759363622
0.744267126885082 -0.198606450187015
0.767713926659187 -0.160203240827801
0.790060623014983 -0.12013643050826
0.811229093204422 -0.078386672319729
0.831135113778285 -0.0349374874279706
0.845668700860539 -1.24277456117755E-15
