0 0
0.01 0.01
0.0274115474284768 0.0274091610411861
0.0520356678884771 0.0520157207572617
0.0826156921982532 0.0825300287131954
0.117629231596296 0.117373539305708
0.155734487287464 0.155130205112293
0.195909212522366 0.194693410880737
0.237434048547361 0.235255817681925
0.279825647009889 0.276246306207
0.322768133834896 0.317263136484421
0.366058553326896 0.358019879488711
0.40956785860426 0.398306369312
0.45321452680997 0.437962133337451
0.496947264563155 0.476858933659849
0.54073387948789 0.514889548730702
0.584554198853448 0.551960677861755
0.628395594157505 0.58798851104437
0.672250164548646 0.622895997904594
0.716112968850851 0.656611189471796
0.759980917599137 0.689066252367909
0.803852079396441 0.720196901771302
0.847725246930958 0.749942093462784
0.891599665558775 0.778243874852072
0.935474863598314 0.805047332436753
0.979350546237078 0.830300596702264
1.02322652921268 0.853954880195614
1.06710269735927 0.87596453368335
1.11097897869748 0.896287111011528
1.15485532823986 0.914883436828055
1.19873171786913 0.931717673523427
1.24260813001194 0.946757385105761
1.28648455368491 0.959973596568199
1.33036098202342 0.971340847829218
1.37423741073708 0.980837241651731
1.41811383714439 0.988444485150984
1.46199025956942 0.994147924631025
1.5058666769647 0.997936573573844
1.54974308867558 0.999803133661781
1.5936194942929 0.999744008753446
1.63749589356093 0.997759311762792
1.68137228631985 0.993852864414119
1.72524867246977 0.988032189865255
1.76912505194826 0.980308498208231
1.81300142471632 0.970696664872544
1.85687779074955 0.959215201970951
1.90075415003272 0.945886222642027
1.94463050255631 0.930735398457621
1.98850684831438 0.913791909976949
2.0323831873032 0.895088390542383
2.07625951952047 0.874660863425099
2.12013584496473 0.852548672441603
2.16401216363508 0.828794406174748
2.20788847553096 0.803443815945189
2.25176478065202 0.776545727691256
2.29564107899805 0.748151947926995
2.33951737056892 0.71831716395948
2.38339365536454 0.687098838557617
2.42726993338487 0.654557099275291
2.47114620462988 0.620754622642057
2.51502246909956 0.585756513444408
2.5588987267939 0.549630179330157
2.6027749777129 0.512445200977443
2.64665122185656 0.474273198078424
2.69052745922488 0.43518769139579
2.73440368981788 0.395263961157791
2.77827991363554 0.354578902064494
2.82215613067789 0.313210875184573
2.86603234094493 0.27123955702786
2.90990854443665 0.228745786084369
2.95378474115308 0.185811407125356
2.99766093109422 0.142519113566315
3.04153711426007 0.0989522881955115
3.08541329065063 0.0551948425748293
3.12928946026593 0.011331055422253
3.17316562310596 -0.0325545897127383
3.21704177917073 -0.0763775671682133
3.26091792846025 -0.120053471969867
3.30479407097452 -0.163498182398574
3.34867020671355 -0.206628022012305
3.39254633567735 -0.249359920810344
3.43642245786592 -0.291611575229406
3.48029857327928 -0.333301606663484
3.52417468191742 -0.374349718202121
3.56805078378036 -0.414676849285225
3.6119268788681 -0.454205327976547
3.65580296718065 -0.492859020562555
3.69967904871802 -0.530563478188553
3.7435551234802 -0.567246080249647
3.78743119146722 -0.602836174260354
3.83130725267907 -0.637265211933492
3.87518330711576 -0.670466881206236
3.9190593547773 -0.702377233959079
3.9629353956637 -0.732934809181691
4.00681142977497 -0.76208075134847
4.0506874571111 -0.78975892377579
4.09456347767211 -0.815916016742622
4.138439491458 -0.840501650166281
4.18231549846878 -0.863468470635555
4.22619149870446 -0.884772242614336
4.27006749216504 -0.904371933640075
4.31394347885053 -0.922229793352997
4.35781945876094 -0.938311426203852
4.40169543189628 -0.952585857700177
4.44557139825654 -0.965025594063475
4.48944735784175 -0.97560667518242
4.53332331065189 -0.98430872076011
4.57719925668699 -0.991114969566476
4.62107519594705 -0.996012311720264
4.66495112843207 -0.998991313938419
4.70882705414206 -1.00004623770424
4.75270297307704 -0.999175050319324
4.79657888523699 -0.99637942881801
4.84045479062194 -0.991664756736805
4.88433068923189 -0.985040113745003
4.92820658106685 -0.976518258156485
4.97208246612681 -0.966115602356378
5.0159583444118 -0.953852181189923
5.05983421592181 -0.939751613374424
5.10371008065686 -0.923841056008615
5.14758593861694 -0.906151152267066
5.19146178980207 -0.886715972380365
5.23533763421226 -0.865572948014769
5.2792134718475 -0.842762800177701
5.32308930270781 -0.818329460787967
5.3669651267932 -0.792319988061739
5.41084094410367 -0.764784475877287
5.45471675463922 -0.735775957293037
5.49859255839987 -0.705350302404756
5.54246835538561 -0.673566110738634
5.58634414559647 -0.640484598387493
5.63021992903244 -0.60616948010751
5.67409570569353 -0.570686846602549
5.71797147557975 -0.534105037232449
5.76184723869111 -0.496494508390437
5.80572299502761 -0.457927697803179
5.84959874458925 -0.418478885014828
5.89347448737605 -0.378224048323791
5.93735022338801 -0.337240718447734
5.98122595262515 -0.295607829198703
6.02510167508745 -0.253405565455934
6.06897739077494 -0.210715208729176
6.11285309968762 -0.167618980609975
6.1567288018255 -0.12419988441242
6.20060449718858 -0.0805415453083705
6.24448018577686 -0.0367280492650555
6.28835586759037 0.00715621890474821
6.3322315426291 0.0510267380680355
6.37610721089305 0.094799013559372
6.41998287238225 0.138388739917641
6.46385852709669 0.181711963258306
6.50773417503638 0.224685242968465
6.55160981620132 0.267225812413266
6.59548545059153 0.309251738344169
6.63936107820702 0.350682078702034
6.68323669904778 0.391437038511111
6.72711231311382 0.431438123563672
6.77098792040515 0.470608291599309
6.81486352092179 0.508872100687709
6.85873911466373 0.54615585452914
6.90261470163098 0.582387744392793
6.94649028182354 0.61749798741961
6.99036585524144 0.651418961023246
7.03424142188466 0.684085333130285
7.07811698175323 0.715434188008899
7.12199253484714 0.745405147443592
7.1658680811664 0.773940487022657
7.20974362071102 0.800985247314381
7.25361915348101 0.826487339717878
7.29749467947637 0.850397646784687
7.34137019869711 0.872670116817915
7.38524571114324 0.893261852566742
7.42912121681476 0.912133193845467
7.47299671571168 0.929247793917965
7.51687220783401 0.944572689500464
7.56074769318175 0.958078364247798
7.60462317175491 0.969738805600894
7.6484986435535 0.979531554885992
7.69237410857753 0.987437750569117
7.73624956682699 0.993442164582509
7.7801250183019 0.997533231653041
7.82400046300227 0.99970307157615
7.8678759009281 0.999947504392388
7.91175133207939 0.998266058437372
7.95562675645616 0.994661971249621
7.99950217405842 0.989142183334552
8.04337758488616 0.981717324796646
8.08725298893939 0.97240169486553
8.13112838621813 0.961213234355424
8.17500377672238 0.948173491110987
8.21887916045214 0.933307578506131
8.26275453740743 0.91664412707573
8.30662990758824 0.898215229373391
8.35050527099459 0.87805637816149
8.39438062762649 0.856206398052524
8.43825597748393 0.832707370733442
8.48213132056693 0.80760455391698
8.5260066568755 0.780946294176089
8.56988198640963 0.752783933829358
8.61375730916934 0.72317171205675
8.65763262515463 0.692166660436129
8.70150793436552 0.659828493101754
8.745383236802 0.626219491736306
8.78925853246409 0.591404385617954
8.83313382135178 0.555450226953483
8.8770091034651 0.518426261737604
8.92088437880403 0.480403796387148
8.9647596473686 0.441456060407036
9.00863490915881 0.4016580653525
9.05251016417467 0.361086460359209
9.09638541241617 0.319819384519538
9.14026065388333 0.277936316389306
9.18413588857616 0.235517920914827
9.22801111649466 0.192645894075086
9.27188633763884 0.149402805538259
9.31576155200871 0.105871939635618
9.35963675960427 0.0621371349590906
9.40351196042552 0.0182826228914154
9.44738715447249 -0.0256071346201292
9.49126234174516 -0.0694476077339778
9.53513752224356 -0.113154361515218
9.57901269596768 -0.156643218553667
9.62288786291753 -0.199830421085894
9.66676302309313 -0.242632792308942
9.71063817649447 -0.284967896575074
9.75451332312157 -0.326754198159015
9.79838846297442 -0.367911218291903
9.84226359605305 -0.408359690159527
9.88613872235744 -0.448021711566321
9.93001384188762 -0.486820894971091
9.97388895464359 -0.524682514605532
10.0177640606253 -0.561533650392176
10.0616391598329 -0.597303328384595
10.1055142522663 -0.631922657459406
10.1493893379255 -0.665324961996776
10.1932644168105 -0.697445910293939
10.2371394889213 -0.72822363846438
10.281014554258 -0.757598869584073
10.3248896128205 -0.785515027855322
10.3687646646088 -0.81191834756831
10.4126397096231 -0.836757976650527
10.4565147478631 -0.859986074604646
10.5003897793291 -0.881557904646215
10.5442648040209 -0.901431919863742
10.5881398219386 -0.919569843235209
10.6320148330822 -0.935936741346941
10.6758898374517 -0.950501091672833
10.7197648350471 -0.963234843284382
10.7636398258684 -0.974113470874592
10.8075148099156 -0.983116021991716
10.8513897871888 -0.990225157391877
10.8952647576879 -0.995427184432839
10.9391397214129 -0.998712083444642
10.9830146783638 -1.0000735270263
11.0268896285407 -0.999508892231392
11.0707645719436 -0.997019265619162
11.1146395085724 -0.992609441161257
11.1585144384272 -0.986287911008288
11.202389361508 -0.978066849133926
11.2462642778148 -0.967962087888049
11.2901391873475 -0.95599308750411
11.3340140901063 -0.942182898619456
11.3778889860911 -0.926558117880792
11.4217638753018 -0.909148836720284
11.4656387577386 -0.889988583400967
11.5095136334014 -0.869114258443091
11.5533885022903 -0.846566063555745
11.5972633644052 -0.822387424210672
11.6411382197461 -0.796624906007372
11.6850130683131 -0.769328124990578
11.7288879101062 -0.740549652092848
11.7727627451253 -0.710344911886282
11.8166375733705 -0.678772075838403
11.8605123948417 -0.645891950277754
11.9043872095391 -0.61176785928501
11.9482620174625 -0.576465522735135
11.9921368186121 -0.54005292972548
12.0360116129877 -0.502600207633589
12.0798864005895 -0.4641794870569
12.1237611814174 -0.42486476289446
12.1676359554714 -0.384731751838212
12.2115107227515 -0.343857746548299
12.2553854832578 -0.302321466793255
12.2992602369903 -0.260202907841757
12.3431349839489 -0.21758318639795
12.3870097241336 -0.174544384377034
12.4308844575446 -0.131169390822018
12.4747591841817 -0.087541742266075
12.5186339040449 -0.0437454618479684
12.5625086171344 0.000135102509618221
12.5663706143592 0.00399760589585836
